"","ttext","date","isretweet","retweetcount","favoritecount","score","product","state","country","duplicate"
"1","RT @indscribe: Girl complains about dirty toilet but terming it an act of 'indiscipline', school expels her in Madhya Pradesh. She walks ba","2018-07-29 11:35:43","TRUE","8","0","-1","Education","Madhya Pradesh","India",FALSE
"2","RT @indscribe: Girl complains about dirty toilet but terming it an act of 'indiscipline', school expels her in Madhya Pradesh. She walks ba","2018-07-29 11:26:59","TRUE","8","0","-1","Education","Madhya Pradesh","India",TRUE
"3","RT @indscribe: Girl complains about dirty toilet but terming it an act of 'indiscipline', school expels her in Madhya Pradesh. She walks ba","2018-07-29 11:15:23","TRUE","8","0","-1","Education","Madhya Pradesh","India",TRUE
"4","RT @Newsbitsdotin: Girl complains about dirty toilet, terming it an act of 'indiscipline', school expels her in Madhya Pradesh. She walks b","2018-07-29 10:52:23","TRUE","5","0","0","Education","Madhya Pradesh","India",FALSE
"5","RT @Newsbitsdotin: Girl complains about dirty toilet, terming it an act of 'indiscipline', school expels her in Madhya Pradesh. She walks b","2018-07-29 10:49:19","TRUE","5","0","-1","Education","Madhya Pradesh","India",TRUE
"6","RT @Newsbitsdotin: Girl complains about dirty toilet, terming it an act of 'indiscipline', school expels her in Madhya Pradesh. She walks b","2018-07-29 10:37:32","TRUE","5","0","3","Education","Madhya Pradesh","India",TRUE
"7","RT @Newsbitsdotin: Girl complains about dirty toilet, terming it an act of 'indiscipline', school expels her in Madhya Pradesh. She walks b","2018-07-29 10:22:16","TRUE","5","0","1","Education","Madhya Pradesh","India",TRUE
"8","RT @indscribe: Girl complains about dirty toilet but terming it an act of 'indiscipline', school expels her in Madhya Pradesh. She walks ba","2018-07-29 10:17:29","TRUE","8","0","1","Education","Madhya Pradesh","India",TRUE
"9","RT @indscribe: Girl complains about dirty toilet but terming it an act of 'indiscipline', school expels her in Madhya Pradesh. She walks ba","2018-07-29 09:27:17","TRUE","8","0","0","Education","Madhya Pradesh","India",TRUE
"10","RT @NSUIMP:                         ","2018-07-29 09:16:06","TRUE","14","0","1","Education","Madhya Pradesh","India",FALSE
"11","RT @indscribe: Girl complains about dirty toilet but terming it an act of 'indiscipline', school expels her in Madhya Pradesh. She walks ba","2018-07-29 09:10:04","TRUE","8","0","1","Education","Madhya Pradesh","India",TRUE
"12","Girl complains about dirty toilet but terming it an act of 'indiscipline', school expels her in Madhya Pradesh. She  ","2018-07-29 09:03:18","FALSE","8","2","-2","Education","Madhya Pradesh","India",FALSE
"13","RT @Newsbitsdotin: Girl complains about dirty toilet, terming it an act of 'indiscipline', school expels her in Madhya Pradesh. She walks b","2018-07-29 09:02:11","TRUE","5","0","1","Education","Madhya Pradesh","India",TRUE
"14","Girl complains about dirty toilet, terming it an act of 'indiscipline', school expels her in Madhya Pradesh. She wa  ","2018-07-29 09:01:44","FALSE","5","1","0","Education","Madhya Pradesh","India",FALSE
"15","RT @digvijaya_28: :              50  60   via @nc24x7  ","2018-07-29 08:40:41","TRUE","212","0","1","Education","Madhya Pradesh","India",FALSE
"16","RT @RizviIshrat: :              50  60   via @nc24x7  ","2018-07-28 23:40:51","TRUE","2","0","1","Education","Madhya Pradesh","India",FALSE
"17","@BMGFIndia Many villages of Madhya Pradesh state, needs aid from organization as there are several girls needs basi  ","2018-07-28 20:21:55","FALSE","0","0","0","Education","Madhya Pradesh","India",FALSE
"18","RT @RizviIshrat: :              50  60   via @nc24x7  ","2018-07-28 16:10:54","TRUE","2","0","1","Education","Madhya Pradesh","India",TRUE
"19","RT @ankushwithrg:  
   @ChouhanShivraj     ?

          ","2018-07-28 10:18:40","TRUE","11","0","1","Education","Madhya Pradesh","India",FALSE
"20","RT @kavita_tewari: Ladli Laxmi Yojana for BJP Madhya Pradesh are great initiatives and measured for growth and education for girls 

Karmy","2018-07-28 09:46:59","TRUE","12","0","0","Education","Madhya Pradesh","India",FALSE
"21","RT @kavita_tewari: Ladli Laxmi Yojana for BJP Madhya Pradesh are great initiatives and measured for growth and education for girls 

Karmy","2018-07-28 08:46:23","TRUE","12","0","0","Education","Madhya Pradesh","India",TRUE
"22","RT @News18MP:    :       -    ","2018-07-28 08:09:53","TRUE","6","0","1","Education","Madhya Pradesh","India",FALSE
"23","RT @kavita_tewari: Ladli Laxmi Yojana for BJP Madhya Pradesh are great initiatives and measured for growth and education for girls 

Karmy","2018-07-28 07:54:29","TRUE","12","0","0","Education","Madhya Pradesh","India",TRUE
"24","RT @kavita_tewari: Ladli Laxmi Yojana for BJP Madhya Pradesh are great initiatives and measured for growth and education for girls 

Karmy","2018-07-28 07:47:02","TRUE","12","0","1","Education","Madhya Pradesh","India",TRUE
"25","RT @kavita_tewari: Ladli Laxmi Yojana for BJP Madhya Pradesh are great initiatives and measured for growth and education for girls 

Karmy","2018-07-28 07:45:38","TRUE","12","0","0","Education","Madhya Pradesh","India",TRUE
"26","RT @kavita_tewari: Ladli Laxmi Yojana for BJP Madhya Pradesh are great initiatives and measured for growth and education for girls 

Karmy","2018-07-28 07:39:17","TRUE","12","0","0","Education","Madhya Pradesh","India",TRUE
"27","RT @kavita_tewari: Ladli Laxmi Yojana for BJP Madhya Pradesh are great initiatives and measured for growth and education for girls 

Karmy","2018-07-28 07:29:15","TRUE","12","0","1","Education","Madhya Pradesh","India",TRUE
"28","RT @kavita_tewari: Ladli Laxmi Yojana for BJP Madhya Pradesh are great initiatives and measured for growth and education for girls 

Karmy","2018-07-28 07:05:47","TRUE","12","0","1","Education","Madhya Pradesh","India",TRUE
"29","RT @kavita_tewari: Ladli Laxmi Yojana for BJP Madhya Pradesh are great initiatives and measured for growth and education for girls 

Karmy","2018-07-28 07:01:16","TRUE","12","0","1","Education","Madhya Pradesh","India",TRUE
"30","RT @kavita_tewari: Ladli Laxmi Yojana for BJP Madhya Pradesh are great initiatives and measured for growth and education for girls 

Karmy","2018-07-28 06:59:10","TRUE","12","0","1","Education","Madhya Pradesh","India",TRUE
"31","Ladli Laxmi Yojana for BJP Madhya Pradesh are great initiatives and measured for growth and education for girls  ","2018-07-28 06:57:39","FALSE","12","9","1","Education","Madhya Pradesh","India",FALSE
"32","RT @SumeetPalashya: :              50  60   via @nc24x7  ","2018-07-27 14:29:32","TRUE","6","0","0","Education","Madhya Pradesh","India",FALSE
"33","RT @INCDhar:    :       -   
MadhyaPradesh Government  School 
 ","2018-07-27 12:01:11","TRUE","1","0","0","Education","Madhya Pradesh","India",FALSE
"34","RT @digvijaya_28: :              50  60   via @nc24x7  ","2018-07-27 08:23:02","TRUE","212","0","0","Education","Madhya Pradesh","India",TRUE
"35","RT @digvijaya_28: :              50  60   via @nc24x7  ","2018-07-27 08:14:04","TRUE","212","0","0","Education","Madhya Pradesh","India",TRUE
"36","RT @digvijaya_28: :              50  60   via @nc24x7  ","2018-07-27 08:00:02","TRUE","212","0","1","Education","Madhya Pradesh","India",TRUE
"37","MP Board 10th/Matric

The MP Board of Secondary Education was established to conduct the affairs of regulation of s  ","2018-07-27 07:32:35","FALSE","0","0","0","Education","Madhya Pradesh","India",FALSE
"38","@RBI Sir
I have applied for education loan on 13/07/2017 in sbi madhav chowk branch shivpuri madhya pradesh under t  ","2018-07-27 07:07:17","FALSE","0","0","-2","Education","Madhya Pradesh","India",FALSE
"39","Disabled Education Incentive Scheme (DEIS) Madhya Pradesh: Divyangs to get free laptops &amp; tricycles | Registration,  ","2018-07-27 06:29:51","FALSE","0","0","0","Education","Madhya Pradesh","India",FALSE
"40","RT @digvijaya_28: :              50  60   via @nc24x7  ","2018-07-27 05:43:08","TRUE","212","0","0","Education","Madhya Pradesh","India",TRUE
"41","RT @SapnaNauhria1: Another big win!! Today @GrantThorntonIN signs contract of World bank funded Madhya Pradesh Higher Education Consultancy","2018-07-27 02:38:08","TRUE","13","0","0","Education","Madhya Pradesh","India",FALSE
"42","RT @CMMadhyaPradesh: Students of Madhya Pradesh also have the talent to become doctors and engineers and make it big in life. We will provi","2018-07-27 01:54:33","TRUE","189","0","0","Education","Madhya Pradesh","India",FALSE
"43","RT @digvijaya_28: :              50  60   via @nc24x7  ","2018-07-27 00:04:13","TRUE","212","0","0","Education","Madhya Pradesh","India",TRUE
"44","RT @jalajboy: If we want to strengthen our education, we will have to get away from this exploitation of teachers.. Rs. 100/- day for contr","2018-07-26 23:29:34","TRUE","21","0","-1","Education","Madhya Pradesh","India",FALSE
"45","RT @SumeetPalashya: :              50  60   via @nc24x7  ","2018-07-26 20:48:16","TRUE","6","0","0","Education","Madhya Pradesh","India",TRUE
"46","RT @jalajboy: If we want to strengthen our education, we will have to get away from this exploitation of teachers.. Rs. 100/- day for contr","2018-07-26 20:28:47","TRUE","21","0","0","Education","Madhya Pradesh","India",TRUE
"47","RT @digvijaya_28: :              50  60   via @nc24x7  ","2018-07-26 19:47:21","TRUE","212","0","0","Education","Madhya Pradesh","India",TRUE
"48","RT @SumeetPalashya: :              50  60   via @nc24x7  ","2018-07-26 19:04:33","TRUE","6","0","0","Education","Madhya Pradesh","India",TRUE
"49",":              50  60   via @nc24x7  ","2018-07-26 18:56:59","FALSE","6","21","0","Education","Madhya Pradesh","India",FALSE
"50","RT @digvijaya_28: :              50  60   via @nc24x7  ","2018-07-26 18:44:24","TRUE","212","0","0","Education","Madhya Pradesh","India",TRUE
"51","RT @digvijaya_28: :              50  60   via @nc24x7  ","2018-07-26 18:36:24","TRUE","212","0","0","Education","Madhya Pradesh","India",TRUE
"52","RT @INCIndia: PM Modi's habit of making tall promises to citizens is spreading across the BJP like an epidemic.   ","2018-07-26 18:13:12","TRUE","370","0","1","Education","Madhya Pradesh","India",FALSE
"53","RT @jalajboy: If we want to strengthen our education, we will have to get away from this exploitation of teachers.. Rs. 100/- day for contr","2018-07-26 17:08:49","TRUE","21","0","1","Education","Madhya Pradesh","India",TRUE
"54","RT @digvijaya_28: :              50  60   via @nc24x7  ","2018-07-26 17:05:12","TRUE","212","0","1","Education","Madhya Pradesh","India",TRUE
"55","RT @jalajboy: If we want to strengthen our education, we will have to get away from this exploitation of teachers.. Rs. 100/- day for contr","2018-07-26 16:57:22","TRUE","21","0","0","Education","Madhya Pradesh","India",TRUE
"56","RT @SapnaNauhria1: Another big win!! Today @GrantThorntonIN signs contract of World bank funded Madhya Pradesh Higher Education Consultancy","2018-07-26 15:50:48","TRUE","13","0","1","Education","Madhya Pradesh","India",TRUE
"57","RT @CMMadhyaPradesh: Students of Madhya Pradesh also have the talent to become doctors and engineers and make it big in life. We will provi","2018-07-26 14:44:17","TRUE","189","0","0","Education","Madhya Pradesh","India",TRUE
"58","RT @ankushwithrg:  
   @ChouhanShivraj     ?

          ","2018-07-26 13:57:57","TRUE","11","0","0","Education","Madhya Pradesh","India",TRUE
"59","RT @ankushwithrg:  
   @ChouhanShivraj     ?

          ","2018-07-26 13:47:50","TRUE","11","0","0","Education","Madhya Pradesh","India",TRUE
"60","RT @digvijaya_28: :              50  60   via @nc24x7  ","2018-07-26 13:25:36","TRUE","212","0","0","Education","Madhya Pradesh","India",TRUE
"61","RT @digvijaya_28: :              50  60   via @nc24x7  ","2018-07-26 12:52:30","TRUE","212","0","0","Education","Madhya Pradesh","India",TRUE
"62","RT @digvijaya_28: :              50  60   via @nc24x7  ","2018-07-26 12:33:49","TRUE","212","0","0","Education","Madhya Pradesh","India",TRUE
"63","RT @jalajboy: All is not well with Education and/or health in Madhya Pradesh.  ","2018-07-26 12:29:26","TRUE","3","0","0","Education","Madhya Pradesh","India",FALSE
"64","RT @SapnaNauhria1: Another big win!! Today @GrantThorntonIN signs contract of World bank funded Madhya Pradesh Higher Education Consultancy","2018-07-26 12:27:53","TRUE","13","0","0","Education","Madhya Pradesh","India",TRUE
"65","RT @ankushwithrg:  
   @ChouhanShivraj     ?

          ","2018-07-26 12:19:25","TRUE","11","0","0","Education","Madhya Pradesh","India",TRUE
"66","RT @jalajboy: Scary numbers on school drop outs from Madhya Pradesh. 

The state needs a radical transformation of Govt Education at massiv","2018-07-26 11:40:06","TRUE","26","0","0","Education","Madhya Pradesh","India",FALSE
"67","RT @jalajboy: Scary numbers on school drop outs from Madhya Pradesh. 

The state needs a radical transformation of Govt Education at massiv","2018-07-26 11:29:02","TRUE","26","0","0","Education","Madhya Pradesh","India",TRUE
"68","RT @jalajboy: Scary numbers on school drop outs from Madhya Pradesh. 

The state needs a radical transformation of Govt Education at massiv","2018-07-26 11:12:26","TRUE","26","0","0","Education","Madhya Pradesh","India",TRUE
"69","RT @digvijaya_28: :              50  60   via @nc24x7  ","2018-07-26 10:35:16","TRUE","212","0","-2","Education","Madhya Pradesh","India",TRUE
"70","RT @digvijaya_28: :              50  60   via @nc24x7  ","2018-07-26 10:33:45","TRUE","212","0","2","Education","Madhya Pradesh","India",TRUE
"71","RT @jalajboy: If we want to strengthen our education, we will have to get away from this exploitation of teachers.. Rs. 100/- day for contr","2018-07-26 10:32:08","TRUE","21","0","0","Education","Madhya Pradesh","India",TRUE
"72","RT @digvijaya_28: :              50  60   via @nc24x7  ","2018-07-26 10:28:11","TRUE","212","0","0","Education","Madhya Pradesh","India",TRUE
"73","RT @jalajboy: If we want to strengthen our education, we will have to get away from this exploitation of teachers.. Rs. 100/- day for contr","2018-07-26 10:24:47","TRUE","21","0","1","Education","Madhya Pradesh","India",TRUE
"74","RT @digvijaya_28: :              50  60   via @nc24x7  ","2018-07-26 10:20:41","TRUE","212","0","0","Education","Madhya Pradesh","India",TRUE
"75","RT @digvijaya_28: :              50  60   via @nc24x7  ","2018-07-26 10:16:27","TRUE","212","0","1","Education","Madhya Pradesh","India",TRUE
"76","RT @jalajboy: If we want to strengthen our education, we will have to get away from this exploitation of teachers.. Rs. 100/- day for contr","2018-07-26 09:48:10","TRUE","21","0","0","Education","Madhya Pradesh","India",TRUE
"77","RT @digvijaya_28: :              50  60   via @nc24x7  ","2018-07-26 09:43:57","TRUE","212","0","0","Education","Madhya Pradesh","India",TRUE
"78","RT @jalajboy: If we want to strengthen our education, we will have to get away from this exploitation of teachers.. Rs. 100/- day for contr","2018-07-26 09:41:08","TRUE","21","0","0","Education","Madhya Pradesh","India",TRUE
"79","RT @digvijaya_28: :              50  60   via @nc24x7  ","2018-07-26 09:16:06","TRUE","212","0","0","Education","Madhya Pradesh","India",TRUE
"80","RT @CMMadhyaPradesh: CM @ChouhanShivraj has mentioned that state govt. will take care of education of children of labourers from nursery to","2018-07-26 09:13:55","TRUE","19","0","0","Education","Madhya Pradesh","India",FALSE
"81","RT @jalajboy: If we want to strengthen our education, we will have to get away from this exploitation of teachers.. Rs. 100/- day for contr","2018-07-26 09:05:22","TRUE","21","0","0","Education","Madhya Pradesh","India",TRUE
"82","RT @jalajboy: If we want to strengthen our education, we will have to get away from this exploitation of teachers.. Rs. 100/- day for contr","2018-07-26 09:01:36","TRUE","21","0","0","Education","Madhya Pradesh","India",TRUE
"83","RT @jalajboy: Scary numbers on school drop outs from Madhya Pradesh. 

The state needs a radical transformation of Govt Education at massiv","2018-07-26 08:38:16","TRUE","26","0","0","Education","Madhya Pradesh","India",TRUE
"84","@ZeeNews Madhya Pradesh me medical education me kya kya ho raha hai usko bhi to batao  ","2018-07-26 08:29:21","FALSE","0","1","1","Education","Madhya Pradesh","India",FALSE
"85","RT @jalajboy: If we want to strengthen our education, we will have to get away from this exploitation of teachers.. Rs. 100/- day for contr","2018-07-26 08:26:46","TRUE","21","0","0","Education","Madhya Pradesh","India",TRUE
"86","RT @jalajboy: Scary numbers on school drop outs from Madhya Pradesh. 

The state needs a radical transformation of Govt Education at massiv","2018-07-26 08:20:46","TRUE","26","0","0","Education","Madhya Pradesh","India",TRUE
"87","RT @jalajboy: If we want to strengthen our education, we will have to get away from this exploitation of teachers.. Rs. 100/- day for contr","2018-07-26 08:15:40","TRUE","21","0","1","Education","Madhya Pradesh","India",TRUE
"88","RT @jalajboy: If we want to strengthen our education, we will have to get away from this exploitation of teachers.. Rs. 100/- day for contr","2018-07-26 08:03:28","TRUE","21","0","0","Education","Madhya Pradesh","India",TRUE
"89","RT @jalajboy: If we want to strengthen our education, we will have to get away from this exploitation of teachers.. Rs. 100/- day for contr","2018-07-26 08:02:39","TRUE","21","0","1","Education","Madhya Pradesh","India",TRUE
"90","RT @jalajboy: If we want to strengthen our education, we will have to get away from this exploitation of teachers.. Rs. 100/- day for contr","2018-07-26 08:01:33","TRUE","21","0","1","Education","Madhya Pradesh","India",TRUE
"91","RT @jalajboy: If we want to strengthen our education, we will have to get away from this exploitation of teachers.. Rs. 100/- day for contr","2018-07-26 07:57:42","TRUE","21","0","0","Education","Madhya Pradesh","India",TRUE
"92","RT @digvijaya_28: :              50  60   via @nc24x7  ","2018-07-26 07:54:44","TRUE","212","0","1","Education","Madhya Pradesh","India",TRUE
"93","Retweeted digvijaya singh (@digvijaya_28):

:             ","2018-07-26 07:53:50","FALSE","0","0","0","Education","Madhya Pradesh","India",FALSE
"94","RT @digvijaya_28: :              50  60   via @nc24x7  ","2018-07-26 07:53:38","TRUE","212","0","0","Education","Madhya Pradesh","India",TRUE
"95","RT @jalajboy: If we want to strengthen our education, we will have to get away from this exploitation of teachers.. Rs. 100/- day for contr","2018-07-26 07:50:56","TRUE","21","0","0","Education","Madhya Pradesh","India",TRUE
"96","If we want to strengthen our education, we will have to get away from this exploitation of teachers.. Rs. 100/- day  ","2018-07-26 07:49:36","FALSE","21","23","0","Education","Madhya Pradesh","India",FALSE
"97","RT @digvijaya_28: :              50  60   via @nc24x7  ","2018-07-26 07:45:16","TRUE","212","0","0","Education","Madhya Pradesh","India",TRUE
"98","RT @digvijaya_28: :              50  60   via @nc24x7  ","2018-07-26 07:44:08","TRUE","212","0","0","Education","Madhya Pradesh","India",TRUE
"99","RT @digvijaya_28: :              50  60   via @nc24x7  ","2018-07-26 07:15:50","TRUE","212","0","0","Education","Madhya Pradesh","India",TRUE
"100","RT @digvijaya_28: :              50  60   via @nc24x7  ","2018-07-26 07:08:23","TRUE","212","0","0","Education","Madhya Pradesh","India",TRUE
"101","RT @digvijaya_28: :              50  60   via @nc24x7  ","2018-07-26 07:06:56","TRUE","212","0","0","Education","Madhya Pradesh","India",TRUE
"102","RT @jalajboy: Scary numbers on school drop outs from Madhya Pradesh. 

The state needs a radical transformation of Govt Education at massiv","2018-07-26 07:06:43","TRUE","26","0","1","Education","Madhya Pradesh","India",TRUE
"103","RT @digvijaya_28: :              50  60   via @nc24x7  ","2018-07-26 07:05:54","TRUE","212","0","-2","Education","Madhya Pradesh","India",TRUE
"104","@ArvindKejriwal attacks MP poor performance  
MP development over last 15 years hardly MATCHES AAP 3 years WORLD AC  ","2018-07-26 06:57:07","FALSE","0","0","0","Education","Madhya Pradesh","India",FALSE
"105","RT @digvijaya_28: :              50  60   via @nc24x7  ","2018-07-26 06:44:49","TRUE","212","0","0","Education","Madhya Pradesh","India",TRUE
"106","RT @digvijaya_28: :              50  60   via @nc24x7  ","2018-07-26 06:26:46","TRUE","212","0","0","Education","Madhya Pradesh","India",TRUE
"107","RT @digvijaya_28: :              50  60   via @nc24x7  ","2018-07-26 06:26:14","TRUE","212","0","-1","Education","Madhya Pradesh","India",TRUE
"108","RT @digvijaya_28: :              50  60   via @nc24x7  ","2018-07-26 06:16:24","TRUE","212","0","0","Education","Madhya Pradesh","India",TRUE
"109","RT @trustnamo: Children in Madhya Pradesh have well-built schools and access to quality education today. This has been possible because of","2018-07-26 06:11:41","TRUE","56","0","0","Education","Madhya Pradesh","India",FALSE
"110","RT @digvijaya_28: :              50  60   via @nc24x7  ","2018-07-26 06:10:18","TRUE","212","0","-1","Education","Madhya Pradesh","India",TRUE
"111","RT @NSUIMP:  
       ?

               ","2018-07-26 05:56:52","TRUE","19","0","-1","Education","Madhya Pradesh","India",FALSE
"112","RT @digvijaya_28: :              50  60   via @nc24x7  ","2018-07-26 05:55:06","TRUE","212","0","0","Education","Madhya Pradesh","India",TRUE
"113","RT @digvijaya_28: :              50  60   via @nc24x7  ","2018-07-26 05:51:57","TRUE","212","0","1","Education","Madhya Pradesh","India",TRUE
"114","RT @jalajboy: Scary numbers on school drop outs from Madhya Pradesh. 

The state needs a radical transformation of Govt Education at massiv","2018-07-26 05:51:13","TRUE","26","0","1","Education","Madhya Pradesh","India",TRUE
"115","RT @jalajboy: Scary numbers on school drop outs from Madhya Pradesh. 

The state needs a radical transformation of Govt Education at massiv","2018-07-26 05:43:38","TRUE","26","0","1","Education","Madhya Pradesh","India",TRUE
"116","RT @digvijaya_28: :              50  60   via @nc24x7  ","2018-07-26 05:30:11","TRUE","212","0","0","Education","Madhya Pradesh","India",TRUE
"117","RT @digvijaya_28: :              50  60   via @nc24x7  ","2018-07-26 05:24:46","TRUE","212","0","0","Education","Madhya Pradesh","India",TRUE
"118","RT @digvijaya_28: :              50  60   via @nc24x7  ","2018-07-26 05:21:18","TRUE","212","0","0","Education","Madhya Pradesh","India",TRUE
"119","RT @digvijaya_28: :              50  60   via @nc24x7  ","2018-07-26 05:13:30","TRUE","212","0","0","Education","Madhya Pradesh","India",TRUE
"120","RT @digvijaya_28: :              50  60   via @nc24x7  ","2018-07-26 05:09:38","TRUE","212","0","1","Education","Madhya Pradesh","India",TRUE
"121","RT @MahilaCongress: Shivraj Singh Chauhan had made a tall claim of creating 1 lakh jobs in MP. Here's an article revealing why the grand pr","2018-07-26 04:58:48","TRUE","123","0","1","Education","Madhya Pradesh","India",FALSE
"122","RT @digvijaya_28: :              50  60   via @nc24x7  ","2018-07-26 04:55:25","TRUE","212","0","0","Education","Madhya Pradesh","India",TRUE
"123","RT @digvijaya_28: :              50  60   via @nc24x7  ","2018-07-26 04:45:55","TRUE","212","0","0","Education","Madhya Pradesh","India",TRUE
"124","RT @digvijaya_28: :              50  60   via @nc24x7  ","2018-07-26 04:42:28","TRUE","212","0","0","Education","Madhya Pradesh","India",TRUE
"125"," :              50  60   via  ","2018-07-26 04:39:33","FALSE","0","0","0","Education","Madhya Pradesh","India",FALSE
"126","RT @digvijaya_28: :              50  60   via @nc24x7  ","2018-07-26 04:26:26","TRUE","212","0","-2","Education","Madhya Pradesh","India",TRUE
"127","RT @digvijaya_28: :              50  60   via @nc24x7  ","2018-07-26 04:24:21","TRUE","212","0","0","Education","Madhya Pradesh","India",TRUE
"128","@msudhirzee Modi ji ne to bahut badhiya kaam kiya 
Lekin aur state me BJP ki Hitlargiri bhi to public ko batao 
Dek  ","2018-07-26 04:07:37","FALSE","0","0","1","Education","Madhya Pradesh","India",FALSE
"129","RT @digvijaya_28: :              50  60   via @nc24x7  ","2018-07-26 04:07:35","TRUE","212","0","0","Education","Madhya Pradesh","India",TRUE
"130","RT @digvijaya_28: :              50  60   via @nc24x7  ","2018-07-26 03:57:13","TRUE","212","0","0","Education","Madhya Pradesh","India",TRUE
"131","RT @digvijaya_28: :              50  60   via @nc24x7  ","2018-07-26 03:56:02","TRUE","212","0","-1","Education","Madhya Pradesh","India",TRUE
"132","RT @jalajboy: Scary numbers on school drop outs from Madhya Pradesh. 

The state needs a radical transformation of Govt Education at massiv","2018-07-26 03:44:30","TRUE","26","0","-2","Education","Madhya Pradesh","India",TRUE
"133","RT @digvijaya_28: :              50  60   via @nc24x7  ","2018-07-26 03:40:40","TRUE","212","0","1","Education","Madhya Pradesh","India",TRUE
"134",":              50  60   via @nc24x7  ","2018-07-26 03:39:07","FALSE","0","0","0","Education","Madhya Pradesh","India",TRUE
"135",":              50  60   via @nc24x7  ","2018-07-26 03:38:35","FALSE","2","2","1","Education","Madhya Pradesh","India",TRUE
"136","RT @digvijaya_28: :              50  60   via @nc24x7  ","2018-07-26 03:33:56","TRUE","212","0","1","Education","Madhya Pradesh","India",TRUE
"137","RT @digvijaya_28: :              50  60   via @nc24x7  ","2018-07-26 03:31:47","TRUE","212","0","0","Education","Madhya Pradesh","India",TRUE
"138","RT @digvijaya_28: :              50  60   via @nc24x7  ","2018-07-26 03:10:59","TRUE","212","0","0","Education","Madhya Pradesh","India",TRUE
"139","RT @digvijaya_28: :              50  60   via @nc24x7  ","2018-07-26 03:04:06","TRUE","212","0","0","Education","Madhya Pradesh","India",TRUE
"140","RT @digvijaya_28: :              50  60   via @nc24x7  ","2018-07-26 03:00:50","TRUE","212","0","0","Education","Madhya Pradesh","India",TRUE
"141","RT @NSUIMP:  
       ?

               ","2018-07-26 02:38:23","TRUE","19","0","0","Education","Madhya Pradesh","India",TRUE
"142","RT @SapnaNauhria1: Another big win!! Today @GrantThorntonIN signs contract of World bank funded Madhya Pradesh Higher Education Consultancy","2018-07-26 02:33:51","TRUE","13","0","0","Education","Madhya Pradesh","India",TRUE
"143","RT @AmitCTweets: During 2010-16, as many as 10.25 lakh children dropped out of school after Class V, while 4.09 lakh children left school a","2018-07-26 02:12:05","TRUE","6","0","0","Education","Madhya Pradesh","India",FALSE
"144","RT @digvijaya_28: :              50  60   via @nc24x7  ","2018-07-26 01:46:18","TRUE","212","0","0","Education","Madhya Pradesh","India",TRUE
"145","RT @digvijaya_28: :              50  60   via @nc24x7  ","2018-07-26 01:45:41","TRUE","212","0","1","Education","Madhya Pradesh","India",TRUE
"146","RT @digvijaya_28: :              50  60   via @nc24x7  ","2018-07-26 01:25:07","TRUE","212","0","0","Education","Madhya Pradesh","India",TRUE
"147","RT @digvijaya_28: :              50  60   via @nc24x7  ","2018-07-26 01:01:52","TRUE","212","0","0","Education","Madhya Pradesh","India",TRUE
"148","RT @jalajboy: Scary numbers on school drop outs from Madhya Pradesh. 

The state needs a radical transformation of Govt Education at massiv","2018-07-26 00:57:29","TRUE","26","0","0","Education","Madhya Pradesh","India",TRUE
"149","RT @digvijaya_28: :              50  60   via @nc24x7  ","2018-07-26 00:23:34","TRUE","212","0","2","Education","Madhya Pradesh","India",TRUE
"150","RT @jalajboy: Scary numbers on school drop outs from Madhya Pradesh. 

The state needs a radical transformation of Govt Education at massiv","2018-07-25 22:11:58","TRUE","26","0","0","Education","Madhya Pradesh","India",TRUE
"151","RT @jalajboy: Scary numbers on school drop outs from Madhya Pradesh. 

The state needs a radical transformation of Govt Education at massiv","2018-07-25 21:57:05","TRUE","26","0","-1","Education","Madhya Pradesh","India",TRUE
"152","RT @digvijaya_28: :              50  60   via @nc24x7  ","2018-07-25 20:45:03","TRUE","212","0","0","Education","Madhya Pradesh","India",TRUE
"153","RT @digvijaya_28: :              50  60   via @nc24x7  ","2018-07-25 20:27:31","TRUE","212","0","0","Education","Madhya Pradesh","India",TRUE
"154","RT @digvijaya_28: :              50  60   via @nc24x7  ","2018-07-25 20:26:34","TRUE","212","0","1","Education","Madhya Pradesh","India",TRUE
"155","RT @jalajboy: Scary numbers on school drop outs from Madhya Pradesh. 

The state needs a radical transformation of Govt Education at massiv","2018-07-25 20:07:46","TRUE","26","0","1","Education","Madhya Pradesh","India",TRUE
"156","RT @digvijaya_28: :              50  60   via @nc24x7  ","2018-07-25 19:16:36","TRUE","212","0","0","Education","Madhya Pradesh","India",TRUE
"157","RT @NSUIMP:  
       ?

               ","2018-07-25 19:16:14","TRUE","19","0","0","Education","Madhya Pradesh","India",TRUE
"158","RT @digvijaya_28: :              50  60   via @nc24x7  ","2018-07-25 19:06:51","TRUE","212","0","0","Education","Madhya Pradesh","India",TRUE
"159","RT @digvijaya_28: :              50  60   via @nc24x7  ","2018-07-25 18:59:23","TRUE","212","0","0","Education","Madhya Pradesh","India",TRUE
"160","RT @digvijaya_28: :              50  60   via @nc24x7  ","2018-07-25 18:56:55","TRUE","212","0","1","Education","Madhya Pradesh","India",TRUE
"161","RT @digvijaya_28: :              50  60   via @nc24x7  ","2018-07-25 18:54:07","TRUE","212","0","0","Education","Madhya Pradesh","India",TRUE
"162",":              50  60   via @nc24x7  ","2018-07-25 18:38:21","FALSE","4","6","0","Education","Madhya Pradesh","India",TRUE
"163","RT @digvijaya_28: :              50  60   via @nc24x7  ","2018-07-25 18:37:26","TRUE","212","0","1","Education","Madhya Pradesh","India",TRUE
"164","RT @digvijaya_28: :              50  60   via @nc24x7  ","2018-07-25 18:35:18","TRUE","212","0","0","Education","Madhya Pradesh","India",TRUE
"165","RT @jalajboy: Scary numbers on school drop outs from Madhya Pradesh. 

The state needs a radical transformation of Govt Education at massiv","2018-07-25 18:28:09","TRUE","26","0","0","Education","Madhya Pradesh","India",TRUE
"166","RT @digvijaya_28: :              50  60   via @nc24x7  ","2018-07-25 18:12:54","TRUE","212","0","1","Education","Madhya Pradesh","India",TRUE
"167","RT @digvijaya_28: :              50  60   via @nc24x7  ","2018-07-25 18:11:37","TRUE","212","0","1","Education","Madhya Pradesh","India",TRUE
"168","RT @digvijaya_28: :              50  60   via @nc24x7  ","2018-07-25 18:08:03","TRUE","212","0","0","Education","Madhya Pradesh","India",TRUE
"169","RT @digvijaya_28: :              50  60   via @nc24x7  ","2018-07-25 18:00:13","TRUE","212","0","0","Education","Madhya Pradesh","India",TRUE
"170","RT @DaaruBaazMehta: MUST WATCH

AAP Madhya Pradesh Convener and AAP's CM Candidate for upcoming MP elections @iAlokAgarwal talks about the","2018-07-25 17:58:57","TRUE","187","0","0","Education","Madhya Pradesh","India",FALSE
"171","RT @digvijaya_28: :              50  60   via @nc24x7  ","2018-07-25 17:45:43","TRUE","212","0","0","Education","Madhya Pradesh","India",TRUE
"172","RT @digvijaya_28: :              50  60   via @nc24x7  ","2018-07-25 17:38:23","TRUE","212","0","1","Education","Madhya Pradesh","India",TRUE
"173","RT @NSUIMP:  
       ?

               ","2018-07-25 17:27:16","TRUE","19","0","0","Education","Madhya Pradesh","India",TRUE
"174","RT @ankushwithrg:  
   @ChouhanShivraj     ?

          ","2018-07-25 17:27:14","TRUE","11","0","0","Education","Madhya Pradesh","India",TRUE
"175","RT @digvijaya_28: :              50  60   via @nc24x7  ","2018-07-25 17:20:36","TRUE","212","0","-2","Education","Madhya Pradesh","India",TRUE
"176","RT @digvijaya_28: :              50  60   via @nc24x7  ","2018-07-25 17:10:27","TRUE","212","0","0","Education","Madhya Pradesh","India",TRUE
"177","RT @digvijaya_28: :              50  60   via @nc24x7  ","2018-07-25 17:06:58","TRUE","212","0","2","Education","Madhya Pradesh","India",TRUE
"178","RT @digvijaya_28: :              50  60   via @nc24x7  ","2018-07-25 16:47:54","TRUE","212","0","1","Education","Madhya Pradesh","India",TRUE
"179","RT @digvijaya_28: :              50  60   via @nc24x7  ","2018-07-25 16:46:09","TRUE","212","0","0","Education","Madhya Pradesh","India",TRUE
"180","RT @digvijaya_28: :              50  60   via @nc24x7  ","2018-07-25 16:44:50","TRUE","212","0","0","Education","Madhya Pradesh","India",TRUE
"181","RT @digvijaya_28: :              50  60   via @nc24x7  ","2018-07-25 16:44:07","TRUE","212","0","0","Education","Madhya Pradesh","India",TRUE
"182","RT @digvijaya_28: :              50  60   via @nc24x7  ","2018-07-25 16:41:08","TRUE","212","0","2","Education","Madhya Pradesh","India",TRUE
"183","RT @digvijaya_28: :              50  60   via @nc24x7  ","2018-07-25 16:39:58","TRUE","212","0","-1","Education","Madhya Pradesh","India",TRUE
"184","RT @digvijaya_28: :              50  60   via @nc24x7  ","2018-07-25 16:36:38","TRUE","212","0","0","Education","Madhya Pradesh","India",TRUE
"185","RT @digvijaya_28: :              50  60   via @nc24x7  ","2018-07-25 16:33:14","TRUE","212","0","0","Education","Madhya Pradesh","India",TRUE
"186","RT @digvijaya_28: :              50  60   via @nc24x7  ","2018-07-25 16:32:45","TRUE","212","0","0","Education","Madhya Pradesh","India",TRUE
"187","RT @digvijaya_28: :              50  60   via @nc24x7  ","2018-07-25 16:32:38","TRUE","212","0","1","Education","Madhya Pradesh","India",TRUE
"188","RT @NSUIMP:  
       ?

               ","2018-07-25 16:28:54","TRUE","19","0","0","Education","Madhya Pradesh","India",TRUE
"189","All is not well with Education and/or health in Madhya Pradesh.  ","2018-07-25 16:28:51","FALSE","3","3","0","Education","Madhya Pradesh","India",FALSE
"190","RT @digvijaya_28: :              50  60   via @nc24x7  ","2018-07-25 16:25:41","TRUE","212","0","1","Education","Madhya Pradesh","India",TRUE
"191","RT @digvijaya_28: :              50  60   via @nc24x7  ","2018-07-25 16:20:02","TRUE","212","0","0","Education","Madhya Pradesh","India",TRUE
"192","RT @digvijaya_28: :              50  60   via @nc24x7  ","2018-07-25 16:13:26","TRUE","212","0","0","Education","Madhya Pradesh","India",TRUE
"193","RT @digvijaya_28: :              50  60   via @nc24x7  ","2018-07-25 16:13:03","TRUE","212","0","1","Education","Madhya Pradesh","India",TRUE
"194","RT @digvijaya_28: :              50  60   via @nc24x7  ","2018-07-25 16:11:43","TRUE","212","0","0","Education","Madhya Pradesh","India",TRUE
"195","RT @digvijaya_28: :              50  60   via @nc24x7  ","2018-07-25 16:09:49","TRUE","212","0","0","Education","Madhya Pradesh","India",TRUE
"196","RT @digvijaya_28: :              50  60   via @nc24x7  ","2018-07-25 16:08:04","TRUE","212","0","0","Education","Madhya Pradesh","India",TRUE
"197","RT @jalajboy: Scary numbers on school drop outs from Madhya Pradesh. 

The state needs a radical transformation of Govt Education at massiv","2018-07-25 16:03:47","TRUE","26","0","0","Education","Madhya Pradesh","India",TRUE
"198",":              50  60   via @nc24x7  ","2018-07-25 16:02:58","FALSE","0","3","0","Education","Madhya Pradesh","India",TRUE
"199","RT @digvijaya_28: :              50  60   via @nc24x7  ","2018-07-25 16:02:29","TRUE","212","0","0","Education","Madhya Pradesh","India",TRUE
"200","RT @digvijaya_28: :              50  60   via @nc24x7  ","2018-07-25 16:01:50","TRUE","212","0","0","Education","Madhya Pradesh","India",TRUE
"201","RT @digvijaya_28: :              50  60   via @nc24x7  ","2018-07-25 16:00:30","TRUE","212","0","0","Education","Madhya Pradesh","India",TRUE
"202","RT @jalajboy: Scary numbers on school drop outs from Madhya Pradesh. 

The state needs a radical transformation of Govt Education at massiv","2018-07-25 15:57:46","TRUE","26","0","1","Education","Madhya Pradesh","India",TRUE
"203","RT @jalajboy: Scary numbers on school drop outs from Madhya Pradesh. 

The state needs a radical transformation of Govt Education at massiv","2018-07-25 15:54:07","TRUE","26","0","0","Education","Madhya Pradesh","India",TRUE
"204","RT @digvijaya_28: :              50  60   via @nc24x7  ","2018-07-25 15:51:16","TRUE","212","0","0","Education","Madhya Pradesh","India",TRUE
"205","RT @jalajboy: Scary numbers on school drop outs from Madhya Pradesh. 

The state needs a radical transformation of Govt Education at massiv","2018-07-25 15:50:27","TRUE","26","0","0","Education","Madhya Pradesh","India",TRUE
"206","RT @digvijaya_28: :              50  60   via @nc24x7  ","2018-07-25 15:45:25","TRUE","212","0","0","Education","Madhya Pradesh","India",TRUE
"207","RT @jalajboy: Scary numbers on school drop outs from Madhya Pradesh. 

The state needs a radical transformation of Govt Education at massiv","2018-07-25 15:43:17","TRUE","26","0","0","Education","Madhya Pradesh","India",TRUE
"208","RT @digvijaya_28: :              50  60   via @nc24x7  ","2018-07-25 15:41:44","TRUE","212","0","0","Education","Madhya Pradesh","India",TRUE
"209","RT @digvijaya_28: :              50  60   via @nc24x7  ","2018-07-25 15:41:13","TRUE","212","0","0","Education","Madhya Pradesh","India",TRUE
"210","Scary numbers on school drop outs from Madhya Pradesh. 

The state needs a radical transformation of Govt Education  ","2018-07-25 15:39:46","FALSE","26","20","1","Education","Madhya Pradesh","India",FALSE
"211","RT @digvijaya_28: :              50  60   via @nc24x7  ","2018-07-25 15:38:00","TRUE","212","0","1","Education","Madhya Pradesh","India",TRUE
"212","RT @digvijaya_28: :              50  60   via @nc24x7  ","2018-07-25 15:36:20","TRUE","212","0","0","Education","Madhya Pradesh","India",TRUE
"213",":              50  60   via @nc24x7  ","2018-07-25 15:35:41","FALSE","0","0","0","Education","Madhya Pradesh","India",TRUE
"214","RT @NSUIMP:  
       ?

               ","2018-07-25 15:33:27","TRUE","19","0","0","Education","Madhya Pradesh","India",TRUE
"215","RT @digvijaya_28: :              50  60   via @nc24x7  ","2018-07-25 15:25:42","TRUE","212","0","0","Education","Madhya Pradesh","India",TRUE
"216","RT @digvijaya_28: :              50  60   via @nc24x7  ","2018-07-25 15:23:31","TRUE","212","0","0","Education","Madhya Pradesh","India",TRUE
"217","RT @digvijaya_28: :              50  60   via @nc24x7  ","2018-07-25 15:21:16","TRUE","212","0","0","Education","Madhya Pradesh","India",TRUE
"218","RT @ankushwithrg:  
   @ChouhanShivraj     ?

          ","2018-07-25 15:18:23","TRUE","11","0","0","Education","Madhya Pradesh","India",TRUE
"219","RT @NSUIMP:  
       ?

               ","2018-07-25 15:18:16","TRUE","19","0","0","Education","Madhya Pradesh","India",TRUE
"220","RT @digvijaya_28: :              50  60   via @nc24x7  ","2018-07-25 15:16:21","TRUE","212","0","0","Education","Madhya Pradesh","India",TRUE
"221","RT @digvijaya_28: :              50  60   via @nc24x7  ","2018-07-25 15:14:30","TRUE","212","0","0","Education","Madhya Pradesh","India",TRUE
"222","RT @digvijaya_28: :              50  60   via @nc24x7  ","2018-07-25 15:08:55","TRUE","212","0","0","Education","Madhya Pradesh","India",TRUE
"223","RT @digvijaya_28: :              50  60   via @nc24x7  ","2018-07-25 15:06:50","TRUE","212","0","0","Education","Madhya Pradesh","India",TRUE
"224","RT @digvijaya_28: :              50  60   via @nc24x7  ","2018-07-25 15:06:42","TRUE","212","0","0","Education","Madhya Pradesh","India",TRUE
"225","RT @digvijaya_28: :              50  60   via @nc24x7  ","2018-07-25 15:06:10","TRUE","212","0","0","Education","Madhya Pradesh","India",TRUE
"226","RT @NSUIMP:  
       ?

               ","2018-07-25 15:00:44","TRUE","19","0","0","Education","Madhya Pradesh","India",TRUE
"227","RT @digvijaya_28: :              50  60   via @nc24x7  ","2018-07-25 15:00:43","TRUE","212","0","0","Education","Madhya Pradesh","India",TRUE
"228","RT @ankushwithrg:  
   @ChouhanShivraj     ?

          ","2018-07-25 15:00:42","TRUE","11","0","0","Education","Madhya Pradesh","India",TRUE
"229","RT @digvijaya_28: :              50  60   via @nc24x7  ","2018-07-25 14:59:14","TRUE","212","0","0","Education","Madhya Pradesh","India",TRUE
"230","RT @NSUIMP:  
       ?

               ","2018-07-25 14:59:13","TRUE","19","0","0","Education","Madhya Pradesh","India",TRUE
"231","RT @NSUIMP:  
       ?

               ","2018-07-25 14:57:25","TRUE","19","0","0","Education","Madhya Pradesh","India",TRUE
"232","RT @digvijaya_28: :              50  60   via @nc24x7  ","2018-07-25 14:57:04","TRUE","212","0","0","Education","Madhya Pradesh","India",TRUE
"233","RT @ankushwithrg:  
   @ChouhanShivraj     ?

          ","2018-07-25 14:55:13","TRUE","11","0","0","Education","Madhya Pradesh","India",TRUE
"234","RT @digvijaya_28: :              50  60   via @nc24x7  ","2018-07-25 14:53:46","TRUE","212","0","1","Education","Madhya Pradesh","India",TRUE
"235","RT @digvijaya_28: :              50  60   via @nc24x7  ","2018-07-25 14:50:40","TRUE","212","0","0","Education","Madhya Pradesh","India",TRUE
"236","RT @digvijaya_28: :              50  60   via @nc24x7  ","2018-07-25 14:48:45","TRUE","212","0","0","Education","Madhya Pradesh","India",TRUE
"237","RT @digvijaya_28: :              50  60   via @nc24x7  ","2018-07-25 14:43:36","TRUE","212","0","0","Education","Madhya Pradesh","India",TRUE
"238","RT @ankushwithrg:  
   @ChouhanShivraj     ?

          ","2018-07-25 14:43:31","TRUE","11","0","0","Education","Madhya Pradesh","India",TRUE
"239","RT @digvijaya_28: :              50  60   via @nc24x7  ","2018-07-25 14:39:25","TRUE","212","0","1","Education","Madhya Pradesh","India",TRUE
"240","RT @digvijaya_28: :              50  60   via @nc24x7  ","2018-07-25 14:34:47","TRUE","212","0","1","Education","Madhya Pradesh","India",TRUE
"241"," 
   @ChouhanShivraj     ?

           ","2018-07-25 14:31:09","FALSE","11","16","0","Education","Madhya Pradesh","India",FALSE
"242","RT @digvijaya_28: :              50  60   via @nc24x7  ","2018-07-25 14:30:27","TRUE","212","0","0","Education","Madhya Pradesh","India",TRUE
"243","RT @digvijaya_28: :              50  60   via @nc24x7  ","2018-07-25 14:28:49","TRUE","212","0","0","Education","Madhya Pradesh","India",TRUE
"244","RT @digvijaya_28: :              50  60   via @nc24x7  ","2018-07-25 14:27:17","TRUE","212","0","0","Education","Madhya Pradesh","India",TRUE
"245","RT @digvijaya_28: :              50  60   via @nc24x7  ","2018-07-25 14:23:12","TRUE","212","0","0","Education","Madhya Pradesh","India",TRUE
"246","RT @digvijaya_28: :              50  60   via @nc24x7  ","2018-07-25 14:18:54","TRUE","212","0","0","Education","Madhya Pradesh","India",TRUE
"247","RT @digvijaya_28: :              50  60   via @nc24x7  ","2018-07-25 14:16:47","TRUE","212","0","0","Education","Madhya Pradesh","India",TRUE
"248","RT @digvijaya_28: :              50  60   via @nc24x7  ","2018-07-25 14:16:19","TRUE","212","0","0","Education","Madhya Pradesh","India",TRUE
"249","RT @digvijaya_28: :              50  60   via @nc24x7  ","2018-07-25 14:16:17","TRUE","212","0","0","Education","Madhya Pradesh","India",TRUE
"250",":              50  60   via @nc24x7  ","2018-07-25 14:16:14","FALSE","0","0","1","Education","Madhya Pradesh","India",TRUE
"251","RT @digvijaya_28: :              50  60   via @nc24x7  ","2018-07-25 14:16:10","TRUE","212","0","-2","Education","Madhya Pradesh","India",TRUE
"252","RT @digvijaya_28: :              50  60   via @nc24x7  ","2018-07-25 14:14:08","TRUE","212","0","0","Education","Madhya Pradesh","India",TRUE
"253","RT @NSUIMP:  
       ?

               ","2018-07-25 14:11:52","TRUE","19","0","-1","Education","Madhya Pradesh","India",TRUE
"254","RT @digvijaya_28: :              50  60   via @nc24x7  ","2018-07-25 14:11:01","TRUE","212","0","0","Education","Madhya Pradesh","India",TRUE
"255","RT @digvijaya_28: :              50  60   via @nc24x7  ","2018-07-25 14:10:42","TRUE","212","0","0","Education","Madhya Pradesh","India",TRUE
"256"," 
       ?

               ","2018-07-25 14:10:33","FALSE","19","31","0","Education","Madhya Pradesh","India",FALSE
"257","RT @digvijaya_28: :              50  60   via @nc24x7  ","2018-07-25 14:08:18","TRUE","212","0","0","Education","Madhya Pradesh","India",TRUE
"258","RT @digvijaya_28: :              50  60   via @nc24x7  ","2018-07-25 14:07:45","TRUE","212","0","0","Education","Madhya Pradesh","India",TRUE
"259","RT @digvijaya_28: :              50  60   via @nc24x7  ","2018-07-25 14:02:02","TRUE","212","0","0","Education","Madhya Pradesh","India",TRUE
"260","RT @digvijaya_28: :              50  60   via @nc24x7  ","2018-07-25 14:00:56","TRUE","212","0","1","Education","Madhya Pradesh","India",TRUE
"261","RT @digvijaya_28: :              50  60   via @nc24x7  ","2018-07-25 14:00:16","TRUE","212","0","0","Education","Madhya Pradesh","India",TRUE
"262","RT @digvijaya_28: :              50  60   via @nc24x7  ","2018-07-25 13:59:22","TRUE","212","0","0","Education","Madhya Pradesh","India",TRUE
"263","RT @digvijaya_28: :              50  60   via @nc24x7  ","2018-07-25 13:58:45","TRUE","212","0","1","Education","Madhya Pradesh","India",TRUE
"264","RT @digvijaya_28: :              50  60   via @nc24x7  ","2018-07-25 13:58:26","TRUE","212","0","-1","Education","Madhya Pradesh","India",TRUE
"265","RT @digvijaya_28: :              50  60   via @nc24x7  ","2018-07-25 13:57:42","TRUE","212","0","0","Education","Madhya Pradesh","India",TRUE
"266","RT @digvijaya_28: :              50  60   via @nc24x7  ","2018-07-25 13:57:28","TRUE","212","0","0","Education","Madhya Pradesh","India",TRUE
"267","RT @digvijaya_28: :              50  60   via @nc24x7  ","2018-07-25 13:57:02","TRUE","212","0","0","Education","Madhya Pradesh","India",TRUE
"268","RT @digvijaya_28: :              50  60   via @nc24x7  ","2018-07-25 13:56:54","TRUE","212","0","0","Education","Madhya Pradesh","India",TRUE
"269","RT @digvijaya_28: :              50  60   via @nc24x7  ","2018-07-25 13:56:50","TRUE","212","0","0","Education","Madhya Pradesh","India",TRUE
"270","RT @digvijaya_28: :              50  60   via @nc24x7  ","2018-07-25 13:56:28","TRUE","212","0","0","Education","Madhya Pradesh","India",TRUE
"271",":              50  60   via @nc24x7  ","2018-07-25 13:55:49","FALSE","212","680","0","Education","Madhya Pradesh","India",TRUE
"272",":              50  60  

Read:  ","2018-07-25 13:20:25","FALSE","0","2","0","Education","Madhya Pradesh","India",FALSE
"273","Madhya Pradesh me health education ke employee's ke upar atyachar
Full Tanasahi  ","2018-07-25 10:30:50","FALSE","0","1","1","Education","Madhya Pradesh","India",FALSE
"274","RT @NewIndianXpress: The strike continued despite the fact that the Medical Education Department invoked the Essential Services Maintenance","2018-07-25 09:59:32","TRUE","1","0","-1","Education","Madhya Pradesh","India",FALSE
"275","The strike continued despite the fact that the Medical Education Department invoked the Essential Services Maintena  ","2018-07-25 09:55:01","FALSE","1","1","1","Education","Madhya Pradesh","India",FALSE
"276","RT @INCIndia: PM Modi's habit of making tall promises to citizens is spreading across the BJP like an epidemic.   ","2018-07-25 08:58:07","TRUE","370","0","0","Education","Madhya Pradesh","India",TRUE
"277","RT @SapnaNauhria1: Another big win!! Today @GrantThorntonIN signs contract of World bank funded Madhya Pradesh Higher Education Consultancy","2018-07-25 07:24:13","TRUE","13","0","0","Education","Madhya Pradesh","India",TRUE
"278","MP Board 12th/Intermediate 2019

The MP Board of Secondary Education was established to conduct the affairs of regu  ","2018-07-25 07:03:59","FALSE","0","0","-1","Education","Madhya Pradesh","India",FALSE
"279","RT @SapnaNauhria1: Another big win!! Today @GrantThorntonIN signs contract of World bank funded Madhya Pradesh Higher Education Consultancy","2018-07-25 06:45:03","TRUE","13","0","0","Education","Madhya Pradesh","India",TRUE
"280","RT @trustnamo: Children in Madhya Pradesh have well-built schools and access to quality education today. This has been possible because of","2018-07-25 06:08:50","TRUE","56","0","4","Education","Madhya Pradesh","India",TRUE
"281","RT @News18MP:    :       -    ","2018-07-25 05:33:38","TRUE","6","0","0","Education","Madhya Pradesh","India",TRUE
"282","RT @trustnamo: Children in Madhya Pradesh have well-built schools and access to quality education today. This has been possible because of","2018-07-25 05:18:38","TRUE","56","0","0","Education","Madhya Pradesh","India",TRUE
"283","RT @trustnamo: Children in Madhya Pradesh have well-built schools and access to quality education today. This has been possible because of","2018-07-25 04:10:29","TRUE","56","0","0","Education","Madhya Pradesh","India",TRUE
"284","RT @INCIndia: PM Modi's habit of making tall promises to citizens is spreading across the BJP like an epidemic.   ","2018-07-25 03:45:29","TRUE","370","0","-1","Education","Madhya Pradesh","India",TRUE
"285","RT @Deepaky66996425:                   ","2018-07-25 03:36:50","TRUE","2","0","1","Education","Madhya Pradesh","India",FALSE
"286","RT @Deepaky66996425:                   ","2018-07-25 03:11:28","TRUE","2","0","0","Education","Madhya Pradesh","India",TRUE
"287","                  ","2018-07-25 03:09:04","FALSE","2","4","0","Education","Madhya Pradesh","India",FALSE
"288","RT @News18MP:    :       -    ","2018-07-25 02:45:00","TRUE","6","0","1","Education","Madhya Pradesh","India",TRUE
"289","RT @bisenpalash73: Children in Madhya Pradesh have well-built schools and access to quality education today. This has been possible because","2018-07-25 02:26:51","TRUE","7","0","0","Education","Madhya Pradesh","India",FALSE
"290","RT @CMMadhyaPradesh: Madhya Pradesh is marching towards becoming an education hub. We are adopting innovative techniques for it: CM @Chouha","2018-07-25 02:19:42","TRUE","28","0","0","Education","Madhya Pradesh","India",FALSE
"291","RT @News18MP:    :       -    ","2018-07-25 01:24:55","TRUE","6","0","0","Education","Madhya Pradesh","India",TRUE
"292","RT @News18MP:    :       -    ","2018-07-25 00:36:21","TRUE","6","0","0","Education","Madhya Pradesh","India",TRUE
"293","RT @News18MP:    :       -    ","2018-07-25 00:14:02","TRUE","6","0","0","Education","Madhya Pradesh","India",TRUE
"294","   :       -   
MadhyaPradesh Government  School 
 ","2018-07-24 23:37:32","FALSE","1","1","0","Education","Madhya Pradesh","India",FALSE
"295","RT @trustnamo: Children in Madhya Pradesh have well-built schools and access to quality education today. This has been possible because of","2018-07-24 23:34:54","TRUE","56","0","1","Education","Madhya Pradesh","India",TRUE
"296","   :       -    ","2018-07-24 23:30:00","FALSE","6","21","0","Education","Madhya Pradesh","India",FALSE
"297","RT @MahilaCongress: Shivraj Singh Chauhan had made a tall claim of creating 1 lakh jobs in MP. Here's an article revealing why the grand pr","2018-07-24 21:23:02","TRUE","123","0","1","Education","Madhya Pradesh","India",TRUE
"298","RT @DaaruBaazMehta: MUST WATCH N SHARE MAX

Delhi CM @ArvindKejriwal's Open Offer to Madhya Pradesh's CM @ChouhanShivraj 

""If you Have the","2018-07-24 21:02:40","TRUE","159","0","0","Education","Madhya Pradesh","India",FALSE
"299","RT @DaaruBaazMehta: MUST WATCH

AAP Madhya Pradesh Convener and AAP's CM Candidate for upcoming MP elections @iAlokAgarwal talks about the","2018-07-24 20:30:04","TRUE","187","0","0","Education","Madhya Pradesh","India",TRUE
"300","RT @SapnaNauhria1: Another big win!! Today @GrantThorntonIN signs contract of World bank funded Madhya Pradesh Higher Education Consultancy","2018-07-24 17:26:59","TRUE","13","0","-2","Education","Madhya Pradesh","India",TRUE
"301","RT @Tharoorian_INC: Another example of how the BJP has utterly failed Madhya Pradesh over the last 14 years.

 ","2018-07-24 17:16:07","TRUE","16","0","0","Education","Madhya Pradesh","India",FALSE
"302","RT @DaaruBaazMehta: MUST WATCH N SHARE MAX

Delhi CM @ArvindKejriwal's Open Offer to Madhya Pradesh's CM @ChouhanShivraj 

""If you Have the","2018-07-24 16:30:04","TRUE","159","0","0","Education","Madhya Pradesh","India",TRUE
"303","RT @DaaruBaazMehta: MUST WATCH

AAP Madhya Pradesh Convener and AAP's CM Candidate for upcoming MP elections @iAlokAgarwal talks about the","2018-07-24 15:23:54","TRUE","187","0","0","Education","Madhya Pradesh","India",TRUE
"304","RT @SapnaNauhria1: Another big win!! Today @GrantThorntonIN signs contract of World bank funded Madhya Pradesh Higher Education Consultancy","2018-07-24 15:18:15","TRUE","13","0","0","Education","Madhya Pradesh","India",TRUE
"305","RT @CMMadhyaPradesh: Students of Madhya Pradesh also have the talent to become doctors and engineers and make it big in life. We will provi","2018-07-24 15:15:05","TRUE","189","0","0","Education","Madhya Pradesh","India",TRUE
"306","RT @SapnaNauhria1: Another big win!! Today @GrantThorntonIN signs contract of World bank funded Madhya Pradesh Higher Education Consultancy","2018-07-24 14:59:06","TRUE","13","0","0","Education","Madhya Pradesh","India",TRUE
"307","RT @DaaruBaazMehta: MUST WATCH N SHARE MAX

Delhi CM @ArvindKejriwal's Open Offer to Madhya Pradesh's CM @ChouhanShivraj 

""If you Have the","2018-07-24 14:35:38","TRUE","159","0","1","Education","Madhya Pradesh","India",TRUE
"308","RT @SapnaNauhria1: Another big win!! Today @GrantThorntonIN signs contract of World bank funded Madhya Pradesh Higher Education Consultancy","2018-07-24 14:23:25","TRUE","13","0","0","Education","Madhya Pradesh","India",TRUE
"309","RT @SapnaNauhria1: Another big win!! Today @GrantThorntonIN signs contract of World bank funded Madhya Pradesh Higher Education Consultancy","2018-07-24 14:23:11","TRUE","13","0","0","Education","Madhya Pradesh","India",TRUE
"310","RT @SapnaNauhria1: Another big win!! Today @GrantThorntonIN signs contract of World bank funded Madhya Pradesh Higher Education Consultancy","2018-07-24 14:18:21","TRUE","13","0","0","Education","Madhya Pradesh","India",TRUE
"311","Another big win!! Today @GrantThorntonIN signs contract of World bank funded Madhya Pradesh Higher Education Consul  ","2018-07-24 14:17:47","FALSE","13","31","0","Education","Madhya Pradesh","India",FALSE
"312","RT @INCIndia: PM Modi's habit of making tall promises to citizens is spreading across the BJP like an epidemic.   ","2018-07-24 14:08:44","TRUE","370","0","1","Education","Madhya Pradesh","India",TRUE
"313","RT @BJPianSpeaks: Children in Madhya Pradesh have well-built schools and access to quality education today. This has been possible because","2018-07-24 12:29:00","TRUE","56","0","0","Education","Madhya Pradesh","India",FALSE
"314","RT @BJPianSpeaks: Children in Madhya Pradesh have well-built schools and access to quality education today. This has been possible because","2018-07-24 12:26:08","TRUE","56","0","1","Education","Madhya Pradesh","India",TRUE
"315","RT @BJPianSpeaks: Children in Madhya Pradesh have well-built schools and access to quality education today. This has been possible because","2018-07-24 12:24:54","TRUE","56","0","1","Education","Madhya Pradesh","India",TRUE
"316","RT @BJPianSpeaks: Children in Madhya Pradesh have well-built schools and access to quality education today. This has been possible because","2018-07-24 12:20:10","TRUE","56","0","1","Education","Madhya Pradesh","India",TRUE
"317","RT @BJPianSpeaks: Children in Madhya Pradesh have well-built schools and access to quality education today. This has been possible because","2018-07-24 12:20:09","TRUE","56","0","1","Education","Madhya Pradesh","India",TRUE
"318","RT @BJPianSpeaks: Children in Madhya Pradesh have well-built schools and access to quality education today. This has been possible because","2018-07-24 12:18:05","TRUE","56","0","-1","Education","Madhya Pradesh","India",TRUE
"319","RT @BJPianSpeaks: Children in Madhya Pradesh have well-built schools and access to quality education today. This has been possible because","2018-07-24 12:14:36","TRUE","56","0","0","Education","Madhya Pradesh","India",TRUE
"320","@1amVish @divyaspandana 7.) Reliance Jio spectrum auction rigging scam
8.) Vyapam Scam - India's biggest medical ed  ","2018-07-24 12:06:59","FALSE","0","0","1","Education","Madhya Pradesh","India",FALSE
"321","RT @DaaruBaazMehta: MUST WATCH N SHARE MAX

Delhi CM @ArvindKejriwal's Open Offer to Madhya Pradesh's CM @ChouhanShivraj 

""If you Have the","2018-07-24 12:01:04","TRUE","159","0","0","Education","Madhya Pradesh","India",TRUE
"322","RT @BJPianSpeaks: Children in Madhya Pradesh have well-built schools and access to quality education today. This has been possible because","2018-07-24 11:55:31","TRUE","56","0","0","Education","Madhya Pradesh","India",TRUE
"323","RT @DaaruBaazMehta: MUST WATCH N SHARE MAX

Delhi CM @ArvindKejriwal's Open Offer to Madhya Pradesh's CM @ChouhanShivraj 

""If you Have the","2018-07-24 11:41:08","TRUE","159","0","0","Education","Madhya Pradesh","India",TRUE
"324","RT @MahilaCongress: Shivraj Singh Chauhan had made a tall claim of creating 1 lakh jobs in MP. Here's an article revealing why the grand pr","2018-07-24 11:31:04","TRUE","123","0","-1","Education","Madhya Pradesh","India",TRUE
"325","RT @BJPianSpeaks: Children in Madhya Pradesh have well-built schools and access to quality education today. This has been possible because","2018-07-24 11:29:49","TRUE","56","0","0","Education","Madhya Pradesh","India",TRUE
"326","RT @MahilaCongress: Shivraj Singh Chauhan had made a tall claim of creating 1 lakh jobs in MP. Here's an article revealing why the grand pr","2018-07-24 11:26:57","TRUE","123","0","-1","Education","Madhya Pradesh","India",TRUE
"327","RT @BJPianSpeaks: Children in Madhya Pradesh have well-built schools and access to quality education today. This has been possible because","2018-07-24 11:26:37","TRUE","56","0","-1","Education","Madhya Pradesh","India",TRUE
"328","RT @BJPianSpeaks: Children in Madhya Pradesh have well-built schools and access to quality education today. This has been possible because","2018-07-24 11:24:55","TRUE","56","0","0","Education","Madhya Pradesh","India",TRUE
"329","                 via @nc24x7  ","2018-07-24 11:23:57","FALSE","0","0","0","Education","Madhya Pradesh","India",FALSE
"330","RT @DaaruBaazMehta: MUST WATCH N SHARE MAX

Delhi CM @ArvindKejriwal's Open Offer to Madhya Pradesh's CM @ChouhanShivraj 

""If you Have the","2018-07-24 11:20:20","TRUE","159","0","0","Education","Madhya Pradesh","India",TRUE
"331","RT @BJPianSpeaks: Children in Madhya Pradesh have well-built schools and access to quality education today. This has been possible because","2018-07-24 11:16:17","TRUE","56","0","0","Education","Madhya Pradesh","India",TRUE
"332","RT @BJPianSpeaks: Children in Madhya Pradesh have well-built schools and access to quality education today. This has been possible because","2018-07-24 11:13:35","TRUE","56","0","1","Education","Madhya Pradesh","India",TRUE
"333","RT @BJPianSpeaks: Children in Madhya Pradesh have well-built schools and access to quality education today. This has been possible because","2018-07-24 11:10:51","TRUE","56","0","1","Education","Madhya Pradesh","India",TRUE
"334","RT @BJPianSpeaks: Children in Madhya Pradesh have well-built schools and access to quality education today. This has been possible because","2018-07-24 11:02:35","TRUE","56","0","0","Education","Madhya Pradesh","India",TRUE
"335","RT @BJPianSpeaks: Children in Madhya Pradesh have well-built schools and access to quality education today. This has been possible because","2018-07-24 10:32:55","TRUE","56","0","0","Education","Madhya Pradesh","India",TRUE
"336","RT @BJPianSpeaks: Children in Madhya Pradesh have well-built schools and access to quality education today. This has been possible because","2018-07-24 10:28:30","TRUE","56","0","-1","Education","Madhya Pradesh","India",TRUE
"337","RT @BJPianSpeaks: Children in Madhya Pradesh have well-built schools and access to quality education today. This has been possible because","2018-07-24 10:25:41","TRUE","56","0","0","Education","Madhya Pradesh","India",TRUE
"338","RT @BJPianSpeaks: Children in Madhya Pradesh have well-built schools and access to quality education today. This has been possible because","2018-07-24 10:24:33","TRUE","56","0","0","Education","Madhya Pradesh","India",TRUE
"339","RT @BJPianSpeaks: Children in Madhya Pradesh have well-built schools and access to quality education today. This has been possible because","2018-07-24 10:21:18","TRUE","56","0","2","Education","Madhya Pradesh","India",TRUE
"340","RT @nc24x7:                 - 
 80%       

Read:","2018-07-24 10:20:38","TRUE","3","0","0","Education","Madhya Pradesh","India",FALSE
"341","RT @BJPianSpeaks: Children in Madhya Pradesh have well-built schools and access to quality education today. This has been possible because","2018-07-24 10:14:09","TRUE","56","0","0","Education","Madhya Pradesh","India",TRUE
"342","RT @BJPianSpeaks: Children in Madhya Pradesh have well-built schools and access to quality education today. This has been possible because","2018-07-24 10:13:51","TRUE","56","0","0","Education","Madhya Pradesh","India",TRUE
"343","RT @BJPianSpeaks: Children in Madhya Pradesh have well-built schools and access to quality education today. This has been possible because","2018-07-24 10:12:30","TRUE","56","0","0","Education","Madhya Pradesh","India",TRUE
"344","RT @BJPianSpeaks: Children in Madhya Pradesh have well-built schools and access to quality education today. This has been possible because","2018-07-24 10:00:39","TRUE","56","0","1","Education","Madhya Pradesh","India",TRUE
"345","The Madhya Pradesh government is bearing the cost of education of poor talented children for free SarkarSarkarMeFarkHai","2018-07-24 09:57:18","FALSE","0","0","0","Education","Madhya Pradesh","India",FALSE
"346","RT @BJPianSpeaks: Children in Madhya Pradesh have well-built schools and access to quality education today. This has been possible because","2018-07-24 09:54:30","TRUE","56","0","0","Education","Madhya Pradesh","India",TRUE
"347","RT @nc24x7:                 - 
 80%       

Read:","2018-07-24 09:52:55","TRUE","3","0","1","Education","Madhya Pradesh","India",TRUE
"348","RT @BJPianSpeaks: Children in Madhya Pradesh have well-built schools and access to quality education today. This has been possible because","2018-07-24 09:52:35","TRUE","56","0","0","Education","Madhya Pradesh","India",TRUE
"349","RT @BJPianSpeaks: Children in Madhya Pradesh have well-built schools and access to quality education today. This has been possible because","2018-07-24 09:51:42","TRUE","56","0","2","Education","Madhya Pradesh","India",TRUE
"350","RT @BJPianSpeaks: Children in Madhya Pradesh have well-built schools and access to quality education today. This has been possible because","2018-07-24 09:51:15","TRUE","56","0","0","Education","Madhya Pradesh","India",TRUE
"351","RT @BJPianSpeaks: Children in Madhya Pradesh have well-built schools and access to quality education today. This has been possible because","2018-07-24 09:48:36","TRUE","56","0","0","Education","Madhya Pradesh","India",TRUE
"352","RT @BJPianSpeaks: Children in Madhya Pradesh have well-built schools and access to quality education today. This has been possible because","2018-07-24 09:48:28","TRUE","56","0","0","Education","Madhya Pradesh","India",TRUE
"353","RT @BJPianSpeaks: Children in Madhya Pradesh have well-built schools and access to quality education today. This has been possible because","2018-07-24 09:48:22","TRUE","56","0","0","Education","Madhya Pradesh","India",TRUE
"354","RT @BJPianSpeaks: Children in Madhya Pradesh have well-built schools and access to quality education today. This has been possible because","2018-07-24 09:48:12","TRUE","56","0","0","Education","Madhya Pradesh","India",TRUE
"355","RT @BJPianSpeaks: Children in Madhya Pradesh have well-built schools and access to quality education today. This has been possible because","2018-07-24 09:48:05","TRUE","56","0","0","Education","Madhya Pradesh","India",TRUE
"356","RT @BJPianSpeaks: Children in Madhya Pradesh have well-built schools and access to quality education today. This has been possible because","2018-07-24 09:48:01","TRUE","56","0","0","Education","Madhya Pradesh","India",TRUE
"357","RT @BJPianSpeaks: Children in Madhya Pradesh have well-built schools and access to quality education today. This has been possible because","2018-07-24 09:46:59","TRUE","56","0","0","Education","Madhya Pradesh","India",TRUE
"358","RT @BJPianSpeaks: Children in Madhya Pradesh have well-built schools and access to quality education today. This has been possible because","2018-07-24 09:46:53","TRUE","56","0","0","Education","Madhya Pradesh","India",TRUE
"359","RT @BJPianSpeaks: Children in Madhya Pradesh have well-built schools and access to quality education today. This has been possible because","2018-07-24 09:46:46","TRUE","56","0","0","Education","Madhya Pradesh","India",TRUE
"360","RT @DaaruBaazMehta: MUST WATCH N SHARE MAX

Delhi CM @ArvindKejriwal's Open Offer to Madhya Pradesh's CM @ChouhanShivraj 

""If you Have the","2018-07-24 09:46:34","TRUE","159","0","0","Education","Madhya Pradesh","India",TRUE
"361","RT @BJPianSpeaks: Children in Madhya Pradesh have well-built schools and access to quality education today. This has been possible because","2018-07-24 09:46:32","TRUE","56","0","0","Education","Madhya Pradesh","India",TRUE
"362","RT @BJPianSpeaks: Children in Madhya Pradesh have well-built schools and access to quality education today. This has been possible because","2018-07-24 09:46:26","TRUE","56","0","0","Education","Madhya Pradesh","India",TRUE
"363","RT @BJPianSpeaks: Children in Madhya Pradesh have well-built schools and access to quality education today. This has been possible because","2018-07-24 09:46:22","TRUE","56","0","1","Education","Madhya Pradesh","India",TRUE
"364","RT @BJPianSpeaks: Children in Madhya Pradesh have well-built schools and access to quality education today. This has been possible because","2018-07-24 09:46:18","TRUE","56","0","1","Education","Madhya Pradesh","India",TRUE
"365","RT @BJPianSpeaks: Children in Madhya Pradesh have well-built schools and access to quality education today. This has been possible because","2018-07-24 09:46:15","TRUE","56","0","0","Education","Madhya Pradesh","India",TRUE
"366","RT @BJPianSpeaks: Children in Madhya Pradesh have well-built schools and access to quality education today. This has been possible because","2018-07-24 09:46:09","TRUE","56","0","0","Education","Madhya Pradesh","India",TRUE
"367","RT @BJPianSpeaks: Children in Madhya Pradesh have well-built schools and access to quality education today. This has been possible because","2018-07-24 09:45:39","TRUE","56","0","1","Education","Madhya Pradesh","India",TRUE
"368","RT @nc24x7:                 - 
 80%       

Read:","2018-07-24 09:43:13","TRUE","3","0","0","Education","Madhya Pradesh","India",TRUE
"369","                - 
 80%        ","2018-07-24 09:42:48","FALSE","3","6","1","Education","Madhya Pradesh","India",FALSE
"370","RT @BJPianSpeaks: Children in Madhya Pradesh have well-built schools and access to quality education today. This has been possible because","2018-07-24 09:42:18","TRUE","56","0","0","Education","Madhya Pradesh","India",TRUE
"371","RT @BJPianSpeaks: Children in Madhya Pradesh have well-built schools and access to quality education today. This has been possible because","2018-07-24 09:36:50","TRUE","56","0","3","Education","Madhya Pradesh","India",TRUE
"372","RT @BJPianSpeaks: Children in Madhya Pradesh have well-built schools and access to quality education today. This has been possible because","2018-07-24 09:34:03","TRUE","56","0","0","Education","Madhya Pradesh","India",TRUE
"373","RT @BJPianSpeaks: Children in Madhya Pradesh have well-built schools and access to quality education today. This has been possible because","2018-07-24 09:27:17","TRUE","56","0","1","Education","Madhya Pradesh","India",TRUE
"374","Children in Madhya Pradesh have well-built schools and access to quality education today. This has been possible be  ","2018-07-24 09:26:39","FALSE","56","85","1","Education","Madhya Pradesh","India",FALSE
"375","RT @MahilaCongress: Shivraj Singh Chauhan had made a tall claim of creating 1 lakh jobs in MP. Here's an article revealing why the grand pr","2018-07-24 09:20:38","TRUE","123","0","1","Education","Madhya Pradesh","India",TRUE
"376","RT @MahilaCongress: Shivraj Singh Chauhan had made a tall claim of creating 1 lakh jobs in MP. Here's an article revealing why the grand pr","2018-07-24 09:13:16","TRUE","123","0","0","Education","Madhya Pradesh","India",TRUE
"377","RT @MahilaCongress: Shivraj Singh Chauhan had made a tall claim of creating 1 lakh jobs in MP. Here's an article revealing why the grand pr","2018-07-24 09:12:48","TRUE","123","0","0","Education","Madhya Pradesh","India",TRUE
"378","RT @MahilaCongress: Shivraj Singh Chauhan had made a tall claim of creating 1 lakh jobs in MP. Here's an article revealing why the grand pr","2018-07-24 08:57:20","TRUE","123","0","1","Education","Madhya Pradesh","India",TRUE
"379","RT @MahilaCongress: Shivraj Singh Chauhan had made a tall claim of creating 1 lakh jobs in MP. Here's an article revealing why the grand pr","2018-07-24 08:50:12","TRUE","123","0","0","Education","Madhya Pradesh","India",TRUE
"380","RT @INCIndia: PM Modi's habit of making tall promises to citizens is spreading across the BJP like an epidemic.   ","2018-07-24 08:22:29","TRUE","370","0","0","Education","Madhya Pradesh","India",TRUE
"381","RT @INCIndia: PM Modi's habit of making tall promises to citizens is spreading across the BJP like an epidemic.   ","2018-07-24 08:09:39","TRUE","370","0","0","Education","Madhya Pradesh","India",TRUE
"382","RT @Madhya_Pradesh_: Content Writing Internship: Studymetro Edu Consult Private Limited - Indore, Madhya Pradesh - We provide abroad educat","2018-07-24 07:42:30","TRUE","1","0","0","Education","Madhya Pradesh","India",FALSE
"383","Content Writing Internship: Studymetro Edu Consult Private Limited - Indore, Madhya Pradesh - We provide abroad edu  ","2018-07-24 07:42:05","FALSE","1","0","0","Education","Madhya Pradesh","India",FALSE
"384","RT @INCIndia: PM Modi's habit of making tall promises to citizens is spreading across the BJP like an epidemic.   ","2018-07-24 06:44:38","TRUE","370","0","0","Education","Madhya Pradesh","India",TRUE
"385","RT @MahilaCongress: Shivraj Singh Chauhan had made a tall claim of creating 1 lakh jobs in MP. Here's an article revealing why the grand pr","2018-07-24 06:07:24","TRUE","123","0","1","Education","Madhya Pradesh","India",TRUE
"386","RT @MahilaCongress: Shivraj Singh Chauhan had made a tall claim of creating 1 lakh jobs in MP. Here's an article revealing why the grand pr","2018-07-24 05:44:38","TRUE","123","0","1","Education","Madhya Pradesh","India",TRUE
"387","RT @DaaruBaazMehta: MUST WATCH N SHARE MAX

Delhi CM @ArvindKejriwal's Open Offer to Madhya Pradesh's CM @ChouhanShivraj 

""If you Have the","2018-07-24 05:10:48","TRUE","159","0","0","Education","Madhya Pradesh","India",TRUE
"388","RT @MahilaCongress: Shivraj Singh Chauhan had made a tall claim of creating 1 lakh jobs in MP. Here's an article revealing why the grand pr","2018-07-24 05:06:16","TRUE","123","0","0","Education","Madhya Pradesh","India",TRUE
"389","RT @DaaruBaazMehta: MUST WATCH N SHARE MAX

Delhi CM @ArvindKejriwal's Open Offer to Madhya Pradesh's CM @ChouhanShivraj 

""If you Have the","2018-07-24 04:44:58","TRUE","159","0","-2","Education","Madhya Pradesh","India",TRUE
"390","RT @DaaruBaazMehta: MUST WATCH N SHARE MAX

Delhi CM @ArvindKejriwal's Open Offer to Madhya Pradesh's CM @ChouhanShivraj 

""If you Have the","2018-07-24 04:33:19","TRUE","159","0","0","Education","Madhya Pradesh","India",TRUE
"391","RT @DaaruBaazMehta: MUST WATCH N SHARE MAX

Delhi CM @ArvindKejriwal's Open Offer to Madhya Pradesh's CM @ChouhanShivraj 

""If you Have the","2018-07-24 04:29:58","TRUE","159","0","0","Education","Madhya Pradesh","India",TRUE
"392","RT @DaaruBaazMehta: MUST WATCH N SHARE MAX

Delhi CM @ArvindKejriwal's Open Offer to Madhya Pradesh's CM @ChouhanShivraj 

""If you Have the","2018-07-24 04:28:44","TRUE","159","0","0","Education","Madhya Pradesh","India",TRUE
"393","RT @DaaruBaazMehta: MUST WATCH N SHARE MAX

Delhi CM @ArvindKejriwal's Open Offer to Madhya Pradesh's CM @ChouhanShivraj 

""If you Have the","2018-07-24 04:09:45","TRUE","159","0","0","Education","Madhya Pradesh","India",TRUE
"394","RT @Tharoorian_INC: Another example of how the BJP has utterly failed Madhya Pradesh over the last 14 years.

 ","2018-07-24 04:04:51","TRUE","16","0","0","Education","Madhya Pradesh","India",TRUE
"395","RT @NixonJoseph1708: SBI foundation supports 200 BETI PADAO KENDRAs (BPK) in Bihar, Chhattisgarh, Madhya Pradesh, Odisha, and Uttarakhand i","2018-07-24 04:03:11","TRUE","1","0","1","Education","Madhya Pradesh","India",FALSE
"396","RT @MahilaCongress: Shivraj Singh Chauhan had made a tall claim of creating 1 lakh jobs in MP. Here's an article revealing why the grand pr","2018-07-24 04:02:11","TRUE","123","0","0","Education","Madhya Pradesh","India",TRUE
"397","RT @MahilaCongress: Shivraj Singh Chauhan had made a tall claim of creating 1 lakh jobs in MP. Here's an article revealing why the grand pr","2018-07-24 03:44:59","TRUE","123","0","0","Education","Madhya Pradesh","India",TRUE
"398","RT @MahilaCongress: Shivraj Singh Chauhan had made a tall claim of creating 1 lakh jobs in MP. Here's an article revealing why the grand pr","2018-07-24 03:11:58","TRUE","123","0","0","Education","Madhya Pradesh","India",TRUE
"399","RT @DaaruBaazMehta: MUST WATCH N SHARE MAX

Delhi CM @ArvindKejriwal's Open Offer to Madhya Pradesh's CM @ChouhanShivraj 

""If you Have the","2018-07-24 02:33:47","TRUE","159","0","1","Education","Madhya Pradesh","India",TRUE
"400","RT @Tharoorian_INC: Another example of how the BJP has utterly failed Madhya Pradesh over the last 14 years.

 ","2018-07-24 02:31:31","TRUE","16","0","1","Education","Madhya Pradesh","India",TRUE
"401","RT @Tharoorian_INC: Another example of how the BJP has utterly failed Madhya Pradesh over the last 14 years.

 ","2018-07-24 02:16:11","TRUE","16","0","1","Education","Madhya Pradesh","India",TRUE
"402","RT @Tharoorian_INC: Another example of how the BJP has utterly failed Madhya Pradesh over the last 14 years.

 ","2018-07-24 01:57:16","TRUE","16","0","1","Education","Madhya Pradesh","India",TRUE
"403","RT @Tharoorian_INC: Another example of how the BJP has utterly failed Madhya Pradesh over the last 14 years.

 ","2018-07-24 01:56:53","TRUE","16","0","1","Education","Madhya Pradesh","India",TRUE
"404","RT @RIEBhopal: A Meeting with the Principal RIE, NCERT, Bhopal and Mr. Michael Steven Juma, UNICEF State Head, Madhya Pradesh and F.A.Jami,","2018-07-24 01:13:16","TRUE","2","0","0","Education","Madhya Pradesh","India",FALSE
"405","RT @INCIndia: PM Modi's habit of making tall promises to citizens is spreading across the BJP like an epidemic.   ","2018-07-24 00:39:03","TRUE","370","0","0","Education","Madhya Pradesh","India",TRUE
"406","RT @DaaruBaazMehta: MUST WATCH N SHARE MAX

Delhi CM @ArvindKejriwal's Open Offer to Madhya Pradesh's CM @ChouhanShivraj 

""If you Have the","2018-07-24 00:28:30","TRUE","159","0","1","Education","Madhya Pradesh","India",TRUE
"407","RT @Tharoorian_INC: Another example of how the BJP has utterly failed Madhya Pradesh over the last 14 years.

 ","2018-07-23 22:31:58","TRUE","16","0","0","Education","Madhya Pradesh","India",TRUE
"408","RT @DaaruBaazMehta: MUST WATCH N SHARE MAX

Delhi CM @ArvindKejriwal's Open Offer to Madhya Pradesh's CM @ChouhanShivraj 

""If you Have the","2018-07-23 20:50:33","TRUE","159","0","0","Education","Madhya Pradesh","India",TRUE
"409","RT @RIEBhopal: A Meeting with the Principal RIE, NCERT, Bhopal and Mr. Michael Steven Juma, UNICEF State Head, Madhya Pradesh and F.A.Jami,","2018-07-23 18:41:53","TRUE","2","0","0","Education","Madhya Pradesh","India",TRUE
"410","RT @INCIndia: PM Modi's habit of making tall promises to citizens is spreading across the BJP like an epidemic.   ","2018-07-23 18:39:53","TRUE","370","0","0","Education","Madhya Pradesh","India",TRUE
"411","RT @Tharoorian_INC: Another example of how the BJP has utterly failed Madhya Pradesh over the last 14 years.

 ","2018-07-23 18:28:48","TRUE","16","0","0","Education","Madhya Pradesh","India",TRUE
"412","RT @Tharoorian_INC: Another example of how the BJP has utterly failed Madhya Pradesh over the last 14 years.

 ","2018-07-23 18:23:13","TRUE","16","0","0","Education","Madhya Pradesh","India",TRUE
"413","Former education minister demands creation of 'Happiness Department' in Bihar on line of Madhya Pradesh, Andhra Pra  ","2018-07-23 17:48:52","FALSE","0","0","0","Education","Madhya Pradesh","India",FALSE
"414","RT @Tharoorian_INC: Another example of how the BJP has utterly failed Madhya Pradesh over the last 14 years.

 ","2018-07-23 17:45:24","TRUE","16","0","0","Education","Madhya Pradesh","India",TRUE
"415","RT @Tharoorian_INC: Another example of how the BJP has utterly failed Madhya Pradesh over the last 14 years.

 ","2018-07-23 17:29:34","TRUE","16","0","1","Education","Madhya Pradesh","India",TRUE
"416","RT @ashees_mishra: In Madhya Pradesh, false propaganda is being done on education. Education in government schools has been quarantined and","2018-07-23 17:29:02","TRUE","13","0","1","Education","Madhya Pradesh","India",FALSE
"417","RT @Tharoorian_INC: Another example of how the BJP has utterly failed Madhya Pradesh over the last 14 years.

 ","2018-07-23 17:28:42","TRUE","16","0","-2","Education","Madhya Pradesh","India",TRUE
"418","RT @Tharoorian_INC: Another example of how the BJP has utterly failed Madhya Pradesh over the last 14 years.

 ","2018-07-23 17:22:14","TRUE","16","0","3","Education","Madhya Pradesh","India",TRUE
"419","Another example of how the BJP has utterly failed Madhya Pradesh over the last 14 years.

 ","2018-07-23 17:16:05","FALSE","16","17","-1","Education","Madhya Pradesh","India",FALSE
"420","Former education minister demands creation of 'Happiness Department' in Bihar on line of Madhya Pradesh, Andhra Pra  ","2018-07-23 16:32:04","FALSE","0","1","0","Education","Madhya Pradesh","India",TRUE
"421","RT @TOIIndiaNews: Former education minister demands creation of 'Happiness Department' in Bihar on line of Madhya Pradesh, Andhra Pradesh h","2018-07-23 16:31:41","TRUE","1","0","-2","Education","Madhya Pradesh","India",FALSE
"422","Former education minister demands creation of 'Happiness Department' in Bihar on line of Madhya Pradesh, Andhra Pra  ","2018-07-23 16:30:36","FALSE","1","5","0","Education","Madhya Pradesh","India",TRUE
"423","RT @MahilaCongress: Shivraj Singh Chauhan had made a tall claim of creating 1 lakh jobs in MP. Here's an article revealing why the grand pr","2018-07-23 16:26:35","TRUE","123","0","0","Education","Madhya Pradesh","India",TRUE
"424","RT @MahilaCongress: Shivraj Singh Chauhan had made a tall claim of creating 1 lakh jobs in MP. Here's an article revealing why the grand pr","2018-07-23 16:22:53","TRUE","123","0","0","Education","Madhya Pradesh","India",TRUE
"425","@JansamparkMP 
 Sir Mary anukampa Niyukti education department Jila Bhind Madhya Pradesh may 2001 pending hai kripy  ","2018-07-23 16:10:00","FALSE","0","0","0","Education","Madhya Pradesh","India",FALSE
"426","RT @CMMadhyaPradesh: Students of Madhya Pradesh also have the talent to become doctors and engineers and make it big in life. We will provi","2018-07-23 16:09:05","TRUE","189","0","0","Education","Madhya Pradesh","India",TRUE
"427","SBI foundation supports 200 BETI PADAO KENDRAs (BPK) in Bihar, Chhattisgarh, Madhya Pradesh, Odisha, and Uttarakhan  ","2018-07-23 15:54:22","FALSE","1","7","1","Education","Madhya Pradesh","India",FALSE
"428","RT @MahilaCongress: Shivraj Singh Chauhan had made a tall claim of creating 1 lakh jobs in MP. Here's an article revealing why the grand pr","2018-07-23 15:39:50","TRUE","123","0","1","Education","Madhya Pradesh","India",TRUE
"429","RT @MahilaCongress: Shivraj Singh Chauhan had made a tall claim of creating 1 lakh jobs in MP. Here's an article revealing why the grand pr","2018-07-23 15:13:55","TRUE","123","0","0","Education","Madhya Pradesh","India",TRUE
"430","RT @MahilaCongress: Shivraj Singh Chauhan had made a tall claim of creating 1 lakh jobs in MP. Here's an article revealing why the grand pr","2018-07-23 15:06:40","TRUE","123","0","0","Education","Madhya Pradesh","India",TRUE
"431","RT @MahilaCongress: Shivraj Singh Chauhan had made a tall claim of creating 1 lakh jobs in MP. Here's an article revealing why the grand pr","2018-07-23 14:55:15","TRUE","123","0","0","Education","Madhya Pradesh","India",TRUE
"432","RT @MahilaCongress: Shivraj Singh Chauhan had made a tall claim of creating 1 lakh jobs in MP. Here's an article revealing why the grand pr","2018-07-23 14:48:29","TRUE","123","0","1","Education","Madhya Pradesh","India",TRUE
"433","RT @MahilaCongress: Shivraj Singh Chauhan had made a tall claim of creating 1 lakh jobs in MP. Here's an article revealing why the grand pr","2018-07-23 14:30:01","TRUE","123","0","0","Education","Madhya Pradesh","India",TRUE
"434","RT @MahilaCongress: Shivraj Singh Chauhan had made a tall claim of creating 1 lakh jobs in MP. Here's an article revealing why the grand pr","2018-07-23 14:26:19","TRUE","123","0","0","Education","Madhya Pradesh","India",TRUE
"435","RT @MahilaCongress: Shivraj Singh Chauhan had made a tall claim of creating 1 lakh jobs in MP. Here's an article revealing why the grand pr","2018-07-23 14:22:44","TRUE","123","0","1","Education","Madhya Pradesh","India",TRUE
"436","RT @MahilaCongress: Shivraj Singh Chauhan had made a tall claim of creating 1 lakh jobs in MP. Here's an article revealing why the grand pr","2018-07-23 14:00:51","TRUE","123","0","3","Education","Madhya Pradesh","India",TRUE
"437","RT @DaaruBaazMehta: MUST WATCH

AAP Madhya Pradesh Convener and AAP's CM Candidate for upcoming MP elections @iAlokAgarwal talks about the","2018-07-23 13:52:53","TRUE","187","0","0","Education","Madhya Pradesh","India",TRUE
"438","RT @MahilaCongress: Shivraj Singh Chauhan had made a tall claim of creating 1 lakh jobs in MP. Here's an article revealing why the grand pr","2018-07-23 13:46:27","TRUE","123","0","1","Education","Madhya Pradesh","India",TRUE
"439","RT @INCIndia: PM Modi's habit of making tall promises to citizens is spreading across the BJP like an epidemic.   ","2018-07-23 13:44:54","TRUE","370","0","1","Education","Madhya Pradesh","India",TRUE
"440","RT @MahilaCongress: Shivraj Singh Chauhan had made a tall claim of creating 1 lakh jobs in MP. Here's an article revealing why the grand pr","2018-07-23 13:35:37","TRUE","123","0","1","Education","Madhya Pradesh","India",TRUE
"441","RT @MahilaCongress: Shivraj Singh Chauhan had made a tall claim of creating 1 lakh jobs in MP. Here's an article revealing why the grand pr","2018-07-23 13:33:42","TRUE","123","0","1","Education","Madhya Pradesh","India",TRUE
"442","Retweeted All India Mahila Congress (@MahilaCongress):

Shivraj Singh Chauhan had made a tall claim of creating 1 l  ","2018-07-23 13:29:53","FALSE","1","1","2","Education","Madhya Pradesh","India",FALSE
"443","RT @MahilaCongress: Shivraj Singh Chauhan had made a tall claim of creating 1 lakh jobs in MP. Here's an article revealing why the grand pr","2018-07-23 13:29:40","TRUE","123","0","0","Education","Madhya Pradesh","India",TRUE
"444","RT @MahilaCongress: Shivraj Singh Chauhan had made a tall claim of creating 1 lakh jobs in MP. Here's an article revealing why the grand pr","2018-07-23 13:13:28","TRUE","123","0","0","Education","Madhya Pradesh","India",TRUE
"445","RT @DaaruBaazMehta: MUST WATCH N SHARE MAX

Delhi CM @ArvindKejriwal's Open Offer to Madhya Pradesh's CM @ChouhanShivraj 

""If you Have the","2018-07-23 12:51:43","TRUE","159","0","1","Education","Madhya Pradesh","India",TRUE
"446","RT @INCIndia: PM Modi's habit of making tall promises to citizens is spreading across the BJP like an epidemic.   ","2018-07-23 12:45:37","TRUE","370","0","1","Education","Madhya Pradesh","India",TRUE
"447","RT @INCIndia: PM Modi's habit of making tall promises to citizens is spreading across the BJP like an epidemic.   ","2018-07-23 12:44:47","TRUE","370","0","1","Education","Madhya Pradesh","India",TRUE
"448","RT @MahilaCongress: Shivraj Singh Chauhan had made a tall claim of creating 1 lakh jobs in MP. Here's an article revealing why the grand pr","2018-07-23 12:27:16","TRUE","123","0","0","Education","Madhya Pradesh","India",TRUE
"449","RT @DaaruBaazMehta: MUST WATCH N SHARE MAX

Delhi CM @ArvindKejriwal's Open Offer to Madhya Pradesh's CM @ChouhanShivraj 

""If you Have the","2018-07-23 12:23:25","TRUE","159","0","0","Education","Madhya Pradesh","India",TRUE
"450","RT @DaaruBaazMehta: MUST WATCH N SHARE MAX

Delhi CM @ArvindKejriwal's Open Offer to Madhya Pradesh's CM @ChouhanShivraj 

""If you Have the","2018-07-23 12:15:16","TRUE","159","0","0","Education","Madhya Pradesh","India",TRUE
"451","A Meeting with the Principal RIE, NCERT, Bhopal and Mr. Michael Steven Juma, UNICEF State Head, Madhya Pradesh and  ","2018-07-23 12:10:29","FALSE","2","12","0","Education","Madhya Pradesh","India",FALSE
"452","RT @MahilaCongress: Shivraj Singh Chauhan had made a tall claim of creating 1 lakh jobs in MP. Here's an article revealing why the grand pr","2018-07-23 12:01:53","TRUE","123","0","0","Education","Madhya Pradesh","India",TRUE
"453","RT @DaaruBaazMehta: MUST WATCH N SHARE MAX

Delhi CM @ArvindKejriwal's Open Offer to Madhya Pradesh's CM @ChouhanShivraj 

""If you Have the","2018-07-23 12:01:01","TRUE","159","0","-2","Education","Madhya Pradesh","India",TRUE
"454","RT @MahilaCongress: Shivraj Singh Chauhan had made a tall claim of creating 1 lakh jobs in MP. Here's an article revealing why the grand pr","2018-07-23 11:55:51","TRUE","123","0","0","Education","Madhya Pradesh","India",TRUE
"455","RT @MahilaCongress: Shivraj Singh Chauhan had made a tall claim of creating 1 lakh jobs in MP. Here's an article revealing why the grand pr","2018-07-23 11:47:17","TRUE","123","0","0","Education","Madhya Pradesh","India",TRUE
"456","RT @DaaruBaazMehta: MUST WATCH N SHARE MAX

Delhi CM @ArvindKejriwal's Open Offer to Madhya Pradesh's CM @ChouhanShivraj 

""If you Have the","2018-07-23 11:46:12","TRUE","159","0","0","Education","Madhya Pradesh","India",TRUE
"457","RT @DaaruBaazMehta: MUST WATCH N SHARE MAX

Delhi CM @ArvindKejriwal's Open Offer to Madhya Pradesh's CM @ChouhanShivraj 

""If you Have the","2018-07-23 11:23:58","TRUE","159","0","-1","Education","Madhya Pradesh","India",TRUE
"458","RT @MahilaCongress: Shivraj Singh Chauhan had made a tall claim of creating 1 lakh jobs in MP. Here's an article revealing why the grand pr","2018-07-23 10:59:19","TRUE","123","0","0","Education","Madhya Pradesh","India",TRUE
"459","RT @MahilaCongress: Shivraj Singh Chauhan had made a tall claim of creating 1 lakh jobs in MP. Here's an article revealing why the grand pr","2018-07-23 10:22:21","TRUE","123","0","0","Education","Madhya Pradesh","India",TRUE
"460","RT @DaaruBaazMehta: MUST WATCH

AAP Madhya Pradesh Convener and AAP's CM Candidate for upcoming MP elections @iAlokAgarwal talks about the","2018-07-23 10:18:45","TRUE","187","0","0","Education","Madhya Pradesh","India",TRUE
"461","RT @MahilaCongress: Shivraj Singh Chauhan had made a tall claim of creating 1 lakh jobs in MP. Here's an article revealing why the grand pr","2018-07-23 10:12:42","TRUE","123","0","0","Education","Madhya Pradesh","India",TRUE
"462","RT @MahilaCongress: Shivraj Singh Chauhan had made a tall claim of creating 1 lakh jobs in MP. Here's an article revealing why the grand pr","2018-07-23 10:10:47","TRUE","123","0","0","Education","Madhya Pradesh","India",TRUE
"463","RT @MahilaCongress: Shivraj Singh Chauhan had made a tall claim of creating 1 lakh jobs in MP. Here's an article revealing why the grand pr","2018-07-23 09:53:00","TRUE","123","0","0","Education","Madhya Pradesh","India",TRUE
"464","RT @MahilaCongress: Shivraj Singh Chauhan had made a tall claim of creating 1 lakh jobs in MP. Here's an article revealing why the grand pr","2018-07-23 09:28:52","TRUE","123","0","1","Education","Madhya Pradesh","India",TRUE
"465","RT @MahilaCongress: Shivraj Singh Chauhan had made a tall claim of creating 1 lakh jobs in MP. Here's an article revealing why the grand pr","2018-07-23 09:23:57","TRUE","123","0","0","Education","Madhya Pradesh","India",TRUE
"466","RT @DaaruBaazMehta: MUST WATCH N SHARE MAX

Delhi CM @ArvindKejriwal's Open Offer to Madhya Pradesh's CM @ChouhanShivraj 

""If you Have the","2018-07-23 09:23:19","TRUE","159","0","0","Education","Madhya Pradesh","India",TRUE
"467","RT @MahilaCongress: Shivraj Singh Chauhan had made a tall claim of creating 1 lakh jobs in MP. Here's an article revealing why the grand pr","2018-07-23 09:19:10","TRUE","123","0","0","Education","Madhya Pradesh","India",TRUE
"468","RT @INCIndia: PM Modi's habit of making tall promises to citizens is spreading across the BJP like an epidemic.   ","2018-07-23 09:16:29","TRUE","370","0","0","Education","Madhya Pradesh","India",TRUE
"469","RT @MahilaCongress: Shivraj Singh Chauhan had made a tall claim of creating 1 lakh jobs in MP. Here's an article revealing why the grand pr","2018-07-23 09:16:16","TRUE","123","0","0","Education","Madhya Pradesh","India",TRUE
"470","RT @DaaruBaazMehta: MUST WATCH N SHARE MAX

Delhi CM @ArvindKejriwal's Open Offer to Madhya Pradesh's CM @ChouhanShivraj 

""If you Have the","2018-07-23 09:09:16","TRUE","159","0","0","Education","Madhya Pradesh","India",TRUE
"471","RT @MahilaCongress: Shivraj Singh Chauhan had made a tall claim of creating 1 lakh jobs in MP. Here's an article revealing why the grand pr","2018-07-23 09:06:19","TRUE","123","0","0","Education","Madhya Pradesh","India",TRUE
"472","RT @MahilaCongress: Shivraj Singh Chauhan had made a tall claim of creating 1 lakh jobs in MP. Here's an article revealing why the grand pr","2018-07-23 09:03:32","TRUE","123","0","2","Education","Madhya Pradesh","India",TRUE
"473","RT @MahilaCongress: Shivraj Singh Chauhan had made a tall claim of creating 1 lakh jobs in MP. Here's an article revealing why the grand pr","2018-07-23 09:00:38","TRUE","123","0","1","Education","Madhya Pradesh","India",TRUE
"474","RT @MahilaCongress: Shivraj Singh Chauhan had made a tall claim of creating 1 lakh jobs in MP. Here's an article revealing why the grand pr","2018-07-23 08:51:12","TRUE","123","0","0","Education","Madhya Pradesh","India",TRUE
"475","RT @MahilaCongress: Shivraj Singh Chauhan had made a tall claim of creating 1 lakh jobs in MP. Here's an article revealing why the grand pr","2018-07-23 08:49:59","TRUE","123","0","0","Education","Madhya Pradesh","India",TRUE
"476","RT @MahilaCongress: Shivraj Singh Chauhan had made a tall claim of creating 1 lakh jobs in MP. Here's an article revealing why the grand pr","2018-07-23 08:41:55","TRUE","123","0","0","Education","Madhya Pradesh","India",TRUE
"477","RT @MahilaCongress: Shivraj Singh Chauhan had made a tall claim of creating 1 lakh jobs in MP. Here's an article revealing why the grand pr","2018-07-23 08:38:41","TRUE","123","0","1","Education","Madhya Pradesh","India",TRUE
"478","RT @INCIndia: PM Modi's habit of making tall promises to citizens is spreading across the BJP like an epidemic.   ","2018-07-23 08:35:33","TRUE","370","0","0","Education","Madhya Pradesh","India",TRUE
"479","RT @MahilaCongress: Shivraj Singh Chauhan had made a tall claim of creating 1 lakh jobs in MP. Here's an article revealing why the grand pr","2018-07-23 08:35:21","TRUE","123","0","0","Education","Madhya Pradesh","India",TRUE
"480","RT @MahilaCongress: Shivraj Singh Chauhan had made a tall claim of creating 1 lakh jobs in MP. Here's an article revealing why the grand pr","2018-07-23 08:35:08","TRUE","123","0","0","Education","Madhya Pradesh","India",TRUE
"481","RT @DaaruBaazMehta: MUST WATCH N SHARE MAX

Delhi CM @ArvindKejriwal's Open Offer to Madhya Pradesh's CM @ChouhanShivraj 

""If you Have the","2018-07-23 08:34:54","TRUE","159","0","0","Education","Madhya Pradesh","India",TRUE
"482","RT @MahilaCongress: Shivraj Singh Chauhan had made a tall claim of creating 1 lakh jobs in MP. Here's an article revealing why the grand pr","2018-07-23 08:23:40","TRUE","123","0","0","Education","Madhya Pradesh","India",TRUE
"483","RT @MahilaCongress: Shivraj Singh Chauhan had made a tall claim of creating 1 lakh jobs in MP. Here's an article revealing why the grand pr","2018-07-23 08:23:35","TRUE","123","0","0","Education","Madhya Pradesh","India",TRUE
"484","RT @MahilaCongress: Shivraj Singh Chauhan had made a tall claim of creating 1 lakh jobs in MP. Here's an article revealing why the grand pr","2018-07-23 08:23:01","TRUE","123","0","0","Education","Madhya Pradesh","India",TRUE
"485","RT @MahilaCongress: Shivraj Singh Chauhan had made a tall claim of creating 1 lakh jobs in MP. Here's an article revealing why the grand pr","2018-07-23 08:22:25","TRUE","123","0","1","Education","Madhya Pradesh","India",TRUE
"486","RT @CMMadhyaPradesh: Students of Madhya Pradesh also have the talent to become doctors and engineers and make it big in life. We will provi","2018-07-23 08:18:54","TRUE","189","0","0","Education","Madhya Pradesh","India",TRUE
"487","RT @MahilaCongress: Shivraj Singh Chauhan had made a tall claim of creating 1 lakh jobs in MP. Here's an article revealing why the grand pr","2018-07-23 08:17:07","TRUE","123","0","0","Education","Madhya Pradesh","India",TRUE
"488","RT @MahilaCongress: Shivraj Singh Chauhan had made a tall claim of creating 1 lakh jobs in MP. Here's an article revealing why the grand pr","2018-07-23 08:16:22","TRUE","123","0","0","Education","Madhya Pradesh","India",TRUE
"489","RT @MahilaCongress: Shivraj Singh Chauhan had made a tall claim of creating 1 lakh jobs in MP. Here's an article revealing why the grand pr","2018-07-23 08:12:06","TRUE","123","0","0","Education","Madhya Pradesh","India",TRUE
"490","RT @AlkaMaverick: MP:flop education model! No teachers @ChouhanShivraj
"" ,  ,   ""

      ","2018-07-23 08:05:28","TRUE","10","0","0","Education","Madhya Pradesh","India",FALSE
"491","RT @MahilaCongress: Shivraj Singh Chauhan had made a tall claim of creating 1 lakh jobs in MP. Here's an article revealing why the grand pr","2018-07-23 08:04:51","TRUE","123","0","0","Education","Madhya Pradesh","India",TRUE
"492","RT @MahilaCongress: Shivraj Singh Chauhan had made a tall claim of creating 1 lakh jobs in MP. Here's an article revealing why the grand pr","2018-07-23 07:50:05","TRUE","123","0","0","Education","Madhya Pradesh","India",TRUE
"493","RT @MahilaCongress: Shivraj Singh Chauhan had made a tall claim of creating 1 lakh jobs in MP. Here's an article revealing why the grand pr","2018-07-23 07:48:36","TRUE","123","0","0","Education","Madhya Pradesh","India",TRUE
"494","RT @MahilaCongress: Shivraj Singh Chauhan had made a tall claim of creating 1 lakh jobs in MP. Here's an article revealing why the grand pr","2018-07-23 07:44:40","TRUE","123","0","0","Education","Madhya Pradesh","India",TRUE
"495","RT @Allavaru: Maybe not enough power after giving to Jio Institute  ","2018-07-23 07:41:49","TRUE","134","0","0","Education","Madhya Pradesh","India",FALSE
"496","RT @MahilaCongress: Shivraj Singh Chauhan had made a tall claim of creating 1 lakh jobs in MP. Here's an article revealing why the grand pr","2018-07-23 07:36:09","TRUE","123","0","0","Education","Madhya Pradesh","India",TRUE
"497","RT @MahilaCongress: Shivraj Singh Chauhan had made a tall claim of creating 1 lakh jobs in MP. Here's an article revealing why the grand pr","2018-07-23 07:35:50","TRUE","123","0","2","Education","Madhya Pradesh","India",TRUE
"498","RT @MahilaCongress: Shivraj Singh Chauhan had made a tall claim of creating 1 lakh jobs in MP. Here's an article revealing why the grand pr","2018-07-23 07:33:25","TRUE","123","0","0","Education","Madhya Pradesh","India",TRUE
"499","RT @MahilaCongress: Shivraj Singh Chauhan had made a tall claim of creating 1 lakh jobs in MP. Here's an article revealing why the grand pr","2018-07-23 07:32:26","TRUE","123","0","0","Education","Madhya Pradesh","India",TRUE
"500","RT @INCIndia: PM Modi's habit of making tall promises to citizens is spreading across the BJP like an epidemic.   ","2018-07-23 07:32:26","TRUE","370","0","0","Education","Madhya Pradesh","India",TRUE
"501","RT @MahilaCongress: Shivraj Singh Chauhan had made a tall claim of creating 1 lakh jobs in MP. Here's an article revealing why the grand pr","2018-07-23 07:32:23","TRUE","123","0","0","Education","Madhya Pradesh","India",TRUE
"502","RT @MahilaCongress: Shivraj Singh Chauhan had made a tall claim of creating 1 lakh jobs in MP. Here's an article revealing why the grand pr","2018-07-23 07:32:20","TRUE","123","0","1","Education","Madhya Pradesh","India",TRUE
"503","RT @MahilaCongress: Shivraj Singh Chauhan had made a tall claim of creating 1 lakh jobs in MP. Here's an article revealing why the grand pr","2018-07-23 07:30:34","TRUE","123","0","0","Education","Madhya Pradesh","India",TRUE
"504","RT @DaaruBaazMehta: MUST WATCH N SHARE MAX

Delhi CM @ArvindKejriwal's Open Offer to Madhya Pradesh's CM @ChouhanShivraj 

""If you Have the","2018-07-23 07:26:16","TRUE","159","0","0","Education","Madhya Pradesh","India",TRUE
"505","RT @MahilaCongress: Shivraj Singh Chauhan had made a tall claim of creating 1 lakh jobs in MP. Here's an article revealing why the grand pr","2018-07-23 07:26:07","TRUE","123","0","0","Education","Madhya Pradesh","India",TRUE
"506","RT @DaaruBaazMehta: MUST WATCH N SHARE MAX

Delhi CM @ArvindKejriwal's Open Offer to Madhya Pradesh's CM @ChouhanShivraj 

""If you Have the","2018-07-23 07:25:30","TRUE","159","0","0","Education","Madhya Pradesh","India",TRUE
"507","RT @MahilaCongress: Shivraj Singh Chauhan had made a tall claim of creating 1 lakh jobs in MP. Here's an article revealing why the grand pr","2018-07-23 07:23:38","TRUE","123","0","0","Education","Madhya Pradesh","India",TRUE
"508","RT @MahilaCongress: Shivraj Singh Chauhan had made a tall claim of creating 1 lakh jobs in MP. Here's an article revealing why the grand pr","2018-07-23 07:18:13","TRUE","123","0","0","Education","Madhya Pradesh","India",TRUE
"509","RT @MahilaCongress: Shivraj Singh Chauhan had made a tall claim of creating 1 lakh jobs in MP. Here's an article revealing why the grand pr","2018-07-23 07:17:08","TRUE","123","0","0","Education","Madhya Pradesh","India",TRUE
"510","RT @MahilaCongress: Shivraj Singh Chauhan had made a tall claim of creating 1 lakh jobs in MP. Here's an article revealing why the grand pr","2018-07-23 07:16:36","TRUE","123","0","0","Education","Madhya Pradesh","India",TRUE
"511","RT @DaaruBaazMehta: MUST WATCH N SHARE MAX

Delhi CM @ArvindKejriwal's Open Offer to Madhya Pradesh's CM @ChouhanShivraj 

""If you Have the","2018-07-23 07:15:18","TRUE","159","0","0","Education","Madhya Pradesh","India",TRUE
"512","RT @MahilaCongress: Shivraj Singh Chauhan had made a tall claim of creating 1 lakh jobs in MP. Here's an article revealing why the grand pr","2018-07-23 07:15:00","TRUE","123","0","0","Education","Madhya Pradesh","India",TRUE
"513","RT @MahilaCongress: Shivraj Singh Chauhan had made a tall claim of creating 1 lakh jobs in MP. Here's an article revealing why the grand pr","2018-07-23 07:12:58","TRUE","123","0","0","Education","Madhya Pradesh","India",TRUE
"514","RT @DaaruBaazMehta: MUST WATCH N SHARE MAX

Delhi CM @ArvindKejriwal's Open Offer to Madhya Pradesh's CM @ChouhanShivraj 

""If you Have the","2018-07-23 07:08:22","TRUE","159","0","0","Education","Madhya Pradesh","India",TRUE
"515","RT @MahilaCongress: Shivraj Singh Chauhan had made a tall claim of creating 1 lakh jobs in MP. Here's an article revealing why the grand pr","2018-07-23 07:05:18","TRUE","123","0","0","Education","Madhya Pradesh","India",TRUE
"516","RT @INCIndia: PM Modi's habit of making tall promises to citizens is spreading across the BJP like an epidemic.   ","2018-07-23 07:03:32","TRUE","370","0","1","Education","Madhya Pradesh","India",TRUE
"517","RT @MahilaCongress: Shivraj Singh Chauhan had made a tall claim of creating 1 lakh jobs in MP. Here's an article revealing why the grand pr","2018-07-23 07:03:06","TRUE","123","0","0","Education","Madhya Pradesh","India",TRUE
"518","RT @MahilaCongress: Shivraj Singh Chauhan had made a tall claim of creating 1 lakh jobs in MP. Here's an article revealing why the grand pr","2018-07-23 07:01:28","TRUE","123","0","0","Education","Madhya Pradesh","India",TRUE
"519","RT @MahilaCongress: Shivraj Singh Chauhan had made a tall claim of creating 1 lakh jobs in MP. Here's an article revealing why the grand pr","2018-07-23 06:57:48","TRUE","123","0","2","Education","Madhya Pradesh","India",TRUE
"520","RT @DaaruBaazMehta: MUST WATCH

AAP Madhya Pradesh Convener and AAP's CM Candidate for upcoming MP elections @iAlokAgarwal talks about the","2018-07-23 06:55:19","TRUE","187","0","0","Education","Madhya Pradesh","India",TRUE
"521","RT @MahilaCongress: Shivraj Singh Chauhan had made a tall claim of creating 1 lakh jobs in MP. Here's an article revealing why the grand pr","2018-07-23 06:52:29","TRUE","123","0","1","Education","Madhya Pradesh","India",TRUE
"522","RT @INCIndia: PM Modi's habit of making tall promises to citizens is spreading across the BJP like an epidemic.   ","2018-07-23 06:51:26","TRUE","370","0","0","Education","Madhya Pradesh","India",TRUE
"523","RT @INCIndia: PM Modi's habit of making tall promises to citizens is spreading across the BJP like an epidemic.   ","2018-07-23 06:48:52","TRUE","370","0","0","Education","Madhya Pradesh","India",TRUE
"524","RT @MahilaCongress: Shivraj Singh Chauhan had made a tall claim of creating 1 lakh jobs in MP. Here's an article revealing why the grand pr","2018-07-23 06:43:52","TRUE","123","0","0","Education","Madhya Pradesh","India",TRUE
"525","RT @MahilaCongress: Shivraj Singh Chauhan had made a tall claim of creating 1 lakh jobs in MP. Here's an article revealing why the grand pr","2018-07-23 06:36:51","TRUE","123","0","0","Education","Madhya Pradesh","India",TRUE
"526","RT @MahilaCongress: Shivraj Singh Chauhan had made a tall claim of creating 1 lakh jobs in MP. Here's an article revealing why the grand pr","2018-07-23 06:35:49","TRUE","123","0","0","Education","Madhya Pradesh","India",TRUE
"527","RT @MahilaCongress: Shivraj Singh Chauhan had made a tall claim of creating 1 lakh jobs in MP. Here's an article revealing why the grand pr","2018-07-23 06:33:18","TRUE","123","0","0","Education","Madhya Pradesh","India",TRUE
"528","RT @MahilaCongress: Shivraj Singh Chauhan had made a tall claim of creating 1 lakh jobs in MP. Here's an article revealing why the grand pr","2018-07-23 06:32:02","TRUE","123","0","0","Education","Madhya Pradesh","India",TRUE
"529","RT @MahilaCongress: Shivraj Singh Chauhan had made a tall claim of creating 1 lakh jobs in MP. Here's an article revealing why the grand pr","2018-07-23 06:29:14","TRUE","123","0","0","Education","Madhya Pradesh","India",TRUE
"530","RT @MahilaCongress: Shivraj Singh Chauhan had made a tall claim of creating 1 lakh jobs in MP. Here's an article revealing why the grand pr","2018-07-23 06:29:12","TRUE","123","0","0","Education","Madhya Pradesh","India",TRUE
"531","RT @MahilaCongress: Shivraj Singh Chauhan had made a tall claim of creating 1 lakh jobs in MP. Here's an article revealing why the grand pr","2018-07-23 06:28:25","TRUE","123","0","0","Education","Madhya Pradesh","India",TRUE
"532","RT @MahilaCongress: Shivraj Singh Chauhan had made a tall claim of creating 1 lakh jobs in MP. Here's an article revealing why the grand pr","2018-07-23 06:27:59","TRUE","123","0","0","Education","Madhya Pradesh","India",TRUE
"533","RT @MahilaCongress: Shivraj Singh Chauhan had made a tall claim of creating 1 lakh jobs in MP. Here's an article revealing why the grand pr","2018-07-23 06:27:58","TRUE","123","0","1","Education","Madhya Pradesh","India",TRUE
"534","RT @MahilaCongress: Shivraj Singh Chauhan had made a tall claim of creating 1 lakh jobs in MP. Here's an article revealing why the grand pr","2018-07-23 06:26:47","TRUE","123","0","0","Education","Madhya Pradesh","India",TRUE
"535","RT @MahilaCongress: Shivraj Singh Chauhan had made a tall claim of creating 1 lakh jobs in MP. Here's an article revealing why the grand pr","2018-07-23 06:25:35","TRUE","123","0","0","Education","Madhya Pradesh","India",TRUE
"536","RT @MahilaCongress: Shivraj Singh Chauhan had made a tall claim of creating 1 lakh jobs in MP. Here's an article revealing why the grand pr","2018-07-23 06:25:13","TRUE","123","0","0","Education","Madhya Pradesh","India",TRUE
"537","RT @MahilaCongress: Shivraj Singh Chauhan had made a tall claim of creating 1 lakh jobs in MP. Here's an article revealing why the grand pr","2018-07-23 06:25:12","TRUE","123","0","0","Education","Madhya Pradesh","India",TRUE
"538","RT @MahilaCongress: Shivraj Singh Chauhan had made a tall claim of creating 1 lakh jobs in MP. Here's an article revealing why the grand pr","2018-07-23 06:25:07","TRUE","123","0","2","Education","Madhya Pradesh","India",TRUE
"539","Shivraj Singh Chauhan had made a tall claim of creating 1 lakh jobs in MP. Here's an article revealing why the gran  ","2018-07-23 06:24:57","FALSE","123","224","0","Education","Madhya Pradesh","India",FALSE
"540","PM Modi's habit of making tall promises to citizens is spreading across the BJP like an epidemic.  ","2018-07-23 06:09:24","FALSE","0","0","0","Education","Madhya Pradesh","India",FALSE
"541","RT @INCIndia: PM Modi's habit of making tall promises to citizens is spreading across the BJP like an epidemic.   ","2018-07-23 05:14:02","TRUE","370","0","1","Education","Madhya Pradesh","India",TRUE
"542","RT @INCIndia: PM Modi's habit of making tall promises to citizens is spreading across the BJP like an epidemic.   ","2018-07-23 04:24:37","TRUE","370","0","0","Education","Madhya Pradesh","India",TRUE
"543","RT @Allavaru: Maybe not enough power after giving to Jio Institute  ","2018-07-23 03:59:19","TRUE","134","0","0","Education","Madhya Pradesh","India",TRUE
"544","Promise of 1 Lakh Jobs: Why Shivrajs Plan Isnt Convincing  ","2018-07-23 03:51:26","FALSE","0","0","1","Education","Madhya Pradesh","India",FALSE
"545","RT @DaaruBaazMehta: MUST WATCH N SHARE MAX

Delhi CM @ArvindKejriwal's Open Offer to Madhya Pradesh's CM @ChouhanShivraj 

""If you Have the","2018-07-23 03:48:21","TRUE","159","0","1","Education","Madhya Pradesh","India",TRUE
"546","RT @INCIndia: PM Modi's habit of making tall promises to citizens is spreading across the BJP like an epidemic.   ","2018-07-23 03:23:34","TRUE","370","0","0","Education","Madhya Pradesh","India",TRUE
"547","RT @INCIndia: PM Modi's habit of making tall promises to citizens is spreading across the BJP like an epidemic.   ","2018-07-23 02:33:33","TRUE","370","0","0","Education","Madhya Pradesh","India",TRUE
"548","RT @CMMadhyaPradesh: Students of Madhya Pradesh also have the talent to become doctors and engineers and make it big in life. We will provi","2018-07-23 02:31:57","TRUE","189","0","0","Education","Madhya Pradesh","India",TRUE
"549","RT @DaaruBaazMehta: MUST WATCH

AAP Madhya Pradesh Convener and AAP's CM Candidate for upcoming MP elections @iAlokAgarwal talks about the","2018-07-23 01:34:24","TRUE","187","0","0","Education","Madhya Pradesh","India",TRUE
"550","RT @DaaruBaazMehta: MUST WATCH N SHARE MAX

Delhi CM @ArvindKejriwal's Open Offer to Madhya Pradesh's CM @ChouhanShivraj 

""If you Have the","2018-07-23 00:30:13","TRUE","159","0","-2","Education","Madhya Pradesh","India",TRUE
"551","RT @DaaruBaazMehta: MUST WATCH N SHARE MAX

Delhi CM @ArvindKejriwal's Open Offer to Madhya Pradesh's CM @ChouhanShivraj 

""If you Have the","2018-07-23 00:18:45","TRUE","159","0","0","Education","Madhya Pradesh","India",TRUE
"552","RT @DaaruBaazMehta: MUST WATCH

AAP Madhya Pradesh Convener and AAP's CM Candidate for upcoming MP elections @iAlokAgarwal talks about the","2018-07-22 22:03:59","TRUE","187","0","0","Education","Madhya Pradesh","India",TRUE
"553","RT @DaaruBaazMehta: MUST WATCH

AAP Madhya Pradesh Convener and AAP's CM Candidate for upcoming MP elections @iAlokAgarwal talks about the","2018-07-22 21:19:25","TRUE","187","0","0","Education","Madhya Pradesh","India",TRUE
"554","RT @INCIndia: PM Modi's habit of making tall promises to citizens is spreading across the BJP like an epidemic.   ","2018-07-22 20:32:01","TRUE","370","0","0","Education","Madhya Pradesh","India",TRUE
"555","RT @DaaruBaazMehta: MUST WATCH N SHARE MAX

Delhi CM @ArvindKejriwal's Open Offer to Madhya Pradesh's CM @ChouhanShivraj 

""If you Have the","2018-07-22 20:05:47","TRUE","159","0","0","Education","Madhya Pradesh","India",TRUE
"556","RT @DaaruBaazMehta: MUST WATCH N SHARE MAX

Delhi CM @ArvindKejriwal's Open Offer to Madhya Pradesh's CM @ChouhanShivraj 

""If you Have the","2018-07-22 20:03:33","TRUE","159","0","0","Education","Madhya Pradesh","India",TRUE
"557","@ndtv Rahul have just praise for him. Where as Madhya Pradesh govt. Is finding his education now","2018-07-22 19:59:04","FALSE","0","0","0","Education","Madhya Pradesh","India",FALSE
"558","RT @INCIndia: PM Modi's habit of making tall promises to citizens is spreading across the BJP like an epidemic.   ","2018-07-22 19:54:18","TRUE","370","0","0","Education","Madhya Pradesh","India",TRUE
"559","RT @INCIndia: PM Modi's habit of making tall promises to citizens is spreading across the BJP like an epidemic.   ","2018-07-22 19:21:18","TRUE","370","0","0","Education","Madhya Pradesh","India",TRUE
"560","RT @AlkaMaverick: MP:flop education model! No teachers @ChouhanShivraj
"" ,  ,   ""

      ","2018-07-22 18:37:58","TRUE","10","0","0","Education","Madhya Pradesh","India",TRUE
"561","RT @INCIndia: PM Modi's habit of making tall promises to citizens is spreading across the BJP like an epidemic.   ","2018-07-22 18:22:22","TRUE","370","0","0","Education","Madhya Pradesh","India",TRUE
"562","RT @INCIndia: PM Modi's habit of making tall promises to citizens is spreading across the BJP like an epidemic.   ","2018-07-22 18:02:37","TRUE","370","0","0","Education","Madhya Pradesh","India",TRUE
"563","RT @DaaruBaazMehta: MUST WATCH

AAP Madhya Pradesh Convener and AAP's CM Candidate for upcoming MP elections @iAlokAgarwal talks about the","2018-07-22 17:36:27","TRUE","187","0","0","Education","Madhya Pradesh","India",TRUE
"564","RT @INCIndia: PM Modi's habit of making tall promises to citizens is spreading across the BJP like an epidemic.   ","2018-07-22 17:35:00","TRUE","370","0","1","Education","Madhya Pradesh","India",TRUE
"565","RT @DaaruBaazMehta: MUST WATCH N SHARE MAX

Delhi CM @ArvindKejriwal's Open Offer to Madhya Pradesh's CM @ChouhanShivraj 

""If you Have the","2018-07-22 17:33:28","TRUE","159","0","0","Education","Madhya Pradesh","India",TRUE
"566","RT @DaaruBaazMehta: MUST WATCH N SHARE MAX

Delhi CM @ArvindKejriwal's Open Offer to Madhya Pradesh's CM @ChouhanShivraj 

""If you Have the","2018-07-22 17:30:51","TRUE","159","0","-2","Education","Madhya Pradesh","India",TRUE
"567","RT @INCIndia: PM Modi's habit of making tall promises to citizens is spreading across the BJP like an epidemic.   ","2018-07-22 17:09:02","TRUE","370","0","0","Education","Madhya Pradesh","India",TRUE
"568","RT @DaaruBaazMehta: MUST WATCH

AAP Madhya Pradesh Convener and AAP's CM Candidate for upcoming MP elections @iAlokAgarwal talks about the","2018-07-22 16:59:05","TRUE","187","0","0","Education","Madhya Pradesh","India",TRUE
"569","RT @DaaruBaazMehta: MUST WATCH N SHARE MAX

Delhi CM @ArvindKejriwal's Open Offer to Madhya Pradesh's CM @ChouhanShivraj 

""If you Have the","2018-07-22 16:55:48","TRUE","159","0","0","Education","Madhya Pradesh","India",TRUE
"570","RT @DaaruBaazMehta: MUST WATCH

AAP Madhya Pradesh Convener and AAP's CM Candidate for upcoming MP elections @iAlokAgarwal talks about the","2018-07-22 16:42:41","TRUE","187","0","0","Education","Madhya Pradesh","India",TRUE
"571","RT @DaaruBaazMehta: MUST WATCH

AAP Madhya Pradesh Convener and AAP's CM Candidate for upcoming MP elections @iAlokAgarwal talks about the","2018-07-22 16:34:23","TRUE","187","0","0","Education","Madhya Pradesh","India",TRUE
"572","RT @AlkaMaverick: MP:flop education model! No teachers @ChouhanShivraj
"" ,  ,   ""

      ","2018-07-22 16:26:21","TRUE","10","0","0","Education","Madhya Pradesh","India",TRUE
"573","RT @AlkaMaverick: MP:flop education model! No teachers @ChouhanShivraj
"" ,  ,   ""

      ","2018-07-22 16:24:27","TRUE","10","0","0","Education","Madhya Pradesh","India",TRUE
"574","RT @DaaruBaazMehta: MUST WATCH N SHARE MAX

Delhi CM @ArvindKejriwal's Open Offer to Madhya Pradesh's CM @ChouhanShivraj 

""If you Have the","2018-07-22 16:04:19","TRUE","159","0","0","Education","Madhya Pradesh","India",TRUE
"575","RT @DaaruBaazMehta: MUST WATCH N SHARE MAX

Delhi CM @ArvindKejriwal's Open Offer to Madhya Pradesh's CM @ChouhanShivraj 

""If you Have the","2018-07-22 16:00:43","TRUE","159","0","0","Education","Madhya Pradesh","India",TRUE
"576","RT @INCIndia: PM Modi's habit of making tall promises to citizens is spreading across the BJP like an epidemic.   ","2018-07-22 16:00:24","TRUE","370","0","0","Education","Madhya Pradesh","India",TRUE
"577","RT @DaaruBaazMehta: MUST WATCH N SHARE MAX

Delhi CM @ArvindKejriwal's Open Offer to Madhya Pradesh's CM @ChouhanShivraj 

""If you Have the","2018-07-22 16:00:08","TRUE","159","0","0","Education","Madhya Pradesh","India",TRUE
"578","RT @DaaruBaazMehta: MUST WATCH N SHARE MAX

Delhi CM @ArvindKejriwal's Open Offer to Madhya Pradesh's CM @ChouhanShivraj 

""If you Have the","2018-07-22 15:59:44","TRUE","159","0","0","Education","Madhya Pradesh","India",TRUE
"579","RT @INCIndia: PM Modi's habit of making tall promises to citizens is spreading across the BJP like an epidemic.   ","2018-07-22 15:50:26","TRUE","370","0","0","Education","Madhya Pradesh","India",TRUE
"580","@PrakashJavdekar Sir madhya pradesh government conducted assistant professor exam on 18 june to 02 july, several pe  ","2018-07-22 15:48:51","FALSE","0","0","-1","Education","Madhya Pradesh","India",FALSE
"581","RT @INCIndia: PM Modi's habit of making tall promises to citizens is spreading across the BJP like an epidemic.   ","2018-07-22 15:42:14","TRUE","370","0","1","Education","Madhya Pradesh","India",TRUE
"582","RT @CMMadhyaPradesh: Students of Madhya Pradesh also have the talent to become doctors and engineers and make it big in life. We will provi","2018-07-22 15:29:11","TRUE","189","0","0","Education","Madhya Pradesh","India",TRUE
"583","RT @DaaruBaazMehta: MUST WATCH N SHARE MAX

Delhi CM @ArvindKejriwal's Open Offer to Madhya Pradesh's CM @ChouhanShivraj 

""If you Have the","2018-07-22 15:24:15","TRUE","159","0","0","Education","Madhya Pradesh","India",TRUE
"584","RT @DaaruBaazMehta: MUST WATCH N SHARE MAX

Delhi CM @ArvindKejriwal's Open Offer to Madhya Pradesh's CM @ChouhanShivraj 

""If you Have the","2018-07-22 15:19:45","TRUE","159","0","0","Education","Madhya Pradesh","India",TRUE
"585","RT @DaaruBaazMehta: MUST WATCH N SHARE MAX

Delhi CM @ArvindKejriwal's Open Offer to Madhya Pradesh's CM @ChouhanShivraj 

""If you Have the","2018-07-22 15:19:23","TRUE","159","0","0","Education","Madhya Pradesh","India",TRUE
"586","RT @DaaruBaazMehta: MUST WATCH N SHARE MAX

Delhi CM @ArvindKejriwal's Open Offer to Madhya Pradesh's CM @ChouhanShivraj 

""If you Have the","2018-07-22 15:05:16","TRUE","159","0","0","Education","Madhya Pradesh","India",TRUE
"587","RT @INCIndia: PM Modi's habit of making tall promises to citizens is spreading across the BJP like an epidemic.   ","2018-07-22 14:55:51","TRUE","370","0","0","Education","Madhya Pradesh","India",TRUE
"588","RT @INCIndia: PM Modi's habit of making tall promises to citizens is spreading across the BJP like an epidemic.   ","2018-07-22 14:46:08","TRUE","370","0","0","Education","Madhya Pradesh","India",TRUE
"589","RT @INCIndia: PM Modi's habit of making tall promises to citizens is spreading across the BJP like an epidemic.   ","2018-07-22 14:41:54","TRUE","370","0","0","Education","Madhya Pradesh","India",TRUE
"590","RT @DaaruBaazMehta: MUST WATCH N SHARE MAX

Delhi CM @ArvindKejriwal's Open Offer to Madhya Pradesh's CM @ChouhanShivraj 

""If you Have the","2018-07-22 14:34:45","TRUE","159","0","0","Education","Madhya Pradesh","India",TRUE
"591","RT @DaaruBaazMehta: MUST WATCH

AAP Madhya Pradesh Convener and AAP's CM Candidate for upcoming MP elections @iAlokAgarwal talks about the","2018-07-22 14:34:08","TRUE","187","0","0","Education","Madhya Pradesh","India",TRUE
"592","RT @DaaruBaazMehta: MUST WATCH N SHARE MAX

Delhi CM @ArvindKejriwal's Open Offer to Madhya Pradesh's CM @ChouhanShivraj 

""If you Have the","2018-07-22 14:31:36","TRUE","159","0","0","Education","Madhya Pradesh","India",TRUE
"593","RT @DaaruBaazMehta: MUST WATCH N SHARE MAX

Delhi CM @ArvindKejriwal's Open Offer to Madhya Pradesh's CM @ChouhanShivraj 

""If you Have the","2018-07-22 14:26:22","TRUE","159","0","0","Education","Madhya Pradesh","India",TRUE
"594","RT @DaaruBaazMehta: MUST WATCH

AAP Madhya Pradesh Convener and AAP's CM Candidate for upcoming MP elections @iAlokAgarwal talks about the","2018-07-22 14:25:08","TRUE","187","0","0","Education","Madhya Pradesh","India",TRUE
"595","RT @DaaruBaazMehta: MUST WATCH

AAP Madhya Pradesh Convener and AAP's CM Candidate for upcoming MP elections @iAlokAgarwal talks about the","2018-07-22 14:01:51","TRUE","187","0","0","Education","Madhya Pradesh","India",TRUE
"596","RT @DaaruBaazMehta: MUST WATCH

AAP Madhya Pradesh Convener and AAP's CM Candidate for upcoming MP elections @iAlokAgarwal talks about the","2018-07-22 14:01:21","TRUE","187","0","0","Education","Madhya Pradesh","India",TRUE
"597","RT @INCIndia: PM Modi's habit of making tall promises to citizens is spreading across the BJP like an epidemic.   ","2018-07-22 13:59:40","TRUE","370","0","0","Education","Madhya Pradesh","India",TRUE
"598","RT @DaaruBaazMehta: MUST WATCH N SHARE MAX

Delhi CM @ArvindKejriwal's Open Offer to Madhya Pradesh's CM @ChouhanShivraj 

""If you Have the","2018-07-22 13:43:21","TRUE","159","0","0","Education","Madhya Pradesh","India",TRUE
"599","RT @DaaruBaazMehta: MUST WATCH N SHARE MAX

Delhi CM @ArvindKejriwal's Open Offer to Madhya Pradesh's CM @ChouhanShivraj 

""If you Have the","2018-07-22 13:37:53","TRUE","159","0","0","Education","Madhya Pradesh","India",TRUE
"600","RT @DaaruBaazMehta: MUST WATCH N SHARE MAX

Delhi CM @ArvindKejriwal's Open Offer to Madhya Pradesh's CM @ChouhanShivraj 

""If you Have the","2018-07-22 13:30:46","TRUE","159","0","0","Education","Madhya Pradesh","India",TRUE
"601","RT @INCIndia: PM Modi's habit of making tall promises to citizens is spreading across the BJP like an epidemic.   ","2018-07-22 13:28:51","TRUE","370","0","0","Education","Madhya Pradesh","India",TRUE
"602","RT @DaaruBaazMehta: MUST WATCH N SHARE MAX

Delhi CM @ArvindKejriwal's Open Offer to Madhya Pradesh's CM @ChouhanShivraj 

""If you Have the","2018-07-22 13:21:08","TRUE","159","0","0","Education","Madhya Pradesh","India",TRUE
"603","RT @DaaruBaazMehta: MUST WATCH N SHARE MAX

Delhi CM @ArvindKejriwal's Open Offer to Madhya Pradesh's CM @ChouhanShivraj 

""If you Have the","2018-07-22 13:13:34","TRUE","159","0","0","Education","Madhya Pradesh","India",TRUE
"604","RT @INCIndia: PM Modi's habit of making tall promises to citizens is spreading across the BJP like an epidemic.   ","2018-07-22 13:12:33","TRUE","370","0","0","Education","Madhya Pradesh","India",TRUE
"605","RT @DaaruBaazMehta: MUST WATCH N SHARE MAX

Delhi CM @ArvindKejriwal's Open Offer to Madhya Pradesh's CM @ChouhanShivraj 

""If you Have the","2018-07-22 13:10:45","TRUE","159","0","0","Education","Madhya Pradesh","India",TRUE
"606","RT @DaaruBaazMehta: MUST WATCH N SHARE MAX

Delhi CM @ArvindKejriwal's Open Offer to Madhya Pradesh's CM @ChouhanShivraj 

""If you Have the","2018-07-22 13:10:19","TRUE","159","0","0","Education","Madhya Pradesh","India",TRUE
"607","RT @DaaruBaazMehta: MUST WATCH

AAP Madhya Pradesh Convener and AAP's CM Candidate for upcoming MP elections @iAlokAgarwal talks about the","2018-07-22 13:09:27","TRUE","187","0","0","Education","Madhya Pradesh","India",TRUE
"608","RT @INCIndia: PM Modi's habit of making tall promises to citizens is spreading across the BJP like an epidemic.   ","2018-07-22 13:07:35","TRUE","370","0","0","Education","Madhya Pradesh","India",TRUE
"609","RT @INCIndia: PM Modi's habit of making tall promises to citizens is spreading across the BJP like an epidemic.   ","2018-07-22 13:06:41","TRUE","370","0","0","Education","Madhya Pradesh","India",TRUE
"610","RT @DaaruBaazMehta: MUST WATCH N SHARE MAX

Delhi CM @ArvindKejriwal's Open Offer to Madhya Pradesh's CM @ChouhanShivraj 

""If you Have the","2018-07-22 12:33:54","TRUE","159","0","0","Education","Madhya Pradesh","India",TRUE
"611","RT @INCIndia: PM Modi's habit of making tall promises to citizens is spreading across the BJP like an epidemic.   ","2018-07-22 12:33:41","TRUE","370","0","0","Education","Madhya Pradesh","India",TRUE
"612","RT @INCIndia: PM Modi's habit of making tall promises to citizens is spreading across the BJP like an epidemic.   ","2018-07-22 12:30:14","TRUE","370","0","0","Education","Madhya Pradesh","India",TRUE
"613","RT @DaaruBaazMehta: MUST WATCH N SHARE MAX

Delhi CM @ArvindKejriwal's Open Offer to Madhya Pradesh's CM @ChouhanShivraj 

""If you Have the","2018-07-22 12:22:55","TRUE","159","0","0","Education","Madhya Pradesh","India",TRUE
"614","RT @DaaruBaazMehta: MUST WATCH N SHARE MAX

Delhi CM @ArvindKejriwal's Open Offer to Madhya Pradesh's CM @ChouhanShivraj 

""If you Have the","2018-07-22 12:22:03","TRUE","159","0","0","Education","Madhya Pradesh","India",TRUE
"615","RT @DaaruBaazMehta: MUST WATCH N SHARE MAX

Delhi CM @ArvindKejriwal's Open Offer to Madhya Pradesh's CM @ChouhanShivraj 

""If you Have the","2018-07-22 12:19:07","TRUE","159","0","0","Education","Madhya Pradesh","India",TRUE
"616","RT @INCIndia: PM Modi's habit of making tall promises to citizens is spreading across the BJP like an epidemic.   ","2018-07-22 12:17:48","TRUE","370","0","0","Education","Madhya Pradesh","India",TRUE
"617","RT @INCIndia: PM Modi's habit of making tall promises to citizens is spreading across the BJP like an epidemic.   ","2018-07-22 12:15:20","TRUE","370","0","0","Education","Madhya Pradesh","India",TRUE
"618","RT @DaaruBaazMehta: MUST WATCH N SHARE MAX

Delhi CM @ArvindKejriwal's Open Offer to Madhya Pradesh's CM @ChouhanShivraj 

""If you Have the","2018-07-22 12:06:49","TRUE","159","0","0","Education","Madhya Pradesh","India",TRUE
"619","RT @INCIndia: PM Modi's habit of making tall promises to citizens is spreading across the BJP like an epidemic.   ","2018-07-22 12:05:00","TRUE","370","0","0","Education","Madhya Pradesh","India",TRUE
"620","RT @INCIndia: PM Modi's habit of making tall promises to citizens is spreading across the BJP like an epidemic.   ","2018-07-22 12:02:21","TRUE","370","0","0","Education","Madhya Pradesh","India",TRUE
"621","RT @INCIndia: PM Modi's habit of making tall promises to citizens is spreading across the BJP like an epidemic.   ","2018-07-22 12:02:20","TRUE","370","0","0","Education","Madhya Pradesh","India",TRUE
"622","RT @DaaruBaazMehta: MUST WATCH

AAP Madhya Pradesh Convener and AAP's CM Candidate for upcoming MP elections @iAlokAgarwal talks about the","2018-07-22 11:57:28","TRUE","187","0","0","Education","Madhya Pradesh","India",TRUE
"623","RT @DaaruBaazMehta: MUST WATCH N SHARE MAX

Delhi CM @ArvindKejriwal's Open Offer to Madhya Pradesh's CM @ChouhanShivraj 

""If you Have the","2018-07-22 11:51:29","TRUE","159","0","0","Education","Madhya Pradesh","India",TRUE
"624","RT @DaaruBaazMehta: MUST WATCH

AAP Madhya Pradesh Convener and AAP's CM Candidate for upcoming MP elections @iAlokAgarwal talks about the","2018-07-22 11:50:07","TRUE","187","0","0","Education","Madhya Pradesh","India",TRUE
"625","RT @DaaruBaazMehta: MUST WATCH N SHARE MAX

Delhi CM @ArvindKejriwal's Open Offer to Madhya Pradesh's CM @ChouhanShivraj 

""If you Have the","2018-07-22 11:47:54","TRUE","159","0","0","Education","Madhya Pradesh","India",TRUE
"626","RT @DaaruBaazMehta: MUST WATCH N SHARE MAX

Delhi CM @ArvindKejriwal's Open Offer to Madhya Pradesh's CM @ChouhanShivraj 

""If you Have the","2018-07-22 11:46:26","TRUE","159","0","0","Education","Madhya Pradesh","India",TRUE
"627","RT @DaaruBaazMehta: MUST WATCH

AAP Madhya Pradesh Convener and AAP's CM Candidate for upcoming MP elections @iAlokAgarwal talks about the","2018-07-22 11:44:41","TRUE","187","0","1","Education","Madhya Pradesh","India",TRUE
"628","RT @DaaruBaazMehta: MUST WATCH N SHARE MAX

Delhi CM @ArvindKejriwal's Open Offer to Madhya Pradesh's CM @ChouhanShivraj 

""If you Have the","2018-07-22 11:42:55","TRUE","159","0","0","Education","Madhya Pradesh","India",TRUE
"629","RT @DaaruBaazMehta: MUST WATCH N SHARE MAX

Delhi CM @ArvindKejriwal's Open Offer to Madhya Pradesh's CM @ChouhanShivraj 

""If you Have the","2018-07-22 11:39:45","TRUE","159","0","0","Education","Madhya Pradesh","India",TRUE
"630","RT @DaaruBaazMehta: MUST WATCH N SHARE MAX

Delhi CM @ArvindKejriwal's Open Offer to Madhya Pradesh's CM @ChouhanShivraj 

""If you Have the","2018-07-22 11:37:22","TRUE","159","0","0","Education","Madhya Pradesh","India",TRUE
"631","RT @DaaruBaazMehta: MUST WATCH N SHARE MAX

Delhi CM @ArvindKejriwal's Open Offer to Madhya Pradesh's CM @ChouhanShivraj 

""If you Have the","2018-07-22 11:36:54","TRUE","159","0","0","Education","Madhya Pradesh","India",TRUE
"632","RT @INCIndia: PM Modi's habit of making tall promises to citizens is spreading across the BJP like an epidemic.   ","2018-07-22 11:32:42","TRUE","370","0","0","Education","Madhya Pradesh","India",TRUE
"633","RT @DaaruBaazMehta: MUST WATCH N SHARE MAX

Delhi CM @ArvindKejriwal's Open Offer to Madhya Pradesh's CM @ChouhanShivraj 

""If you Have the","2018-07-22 11:29:10","TRUE","159","0","0","Education","Madhya Pradesh","India",TRUE
"634","RT @DaaruBaazMehta: MUST WATCH N SHARE MAX

Delhi CM @ArvindKejriwal's Open Offer to Madhya Pradesh's CM @ChouhanShivraj 

""If you Have the","2018-07-22 11:24:27","TRUE","159","0","0","Education","Madhya Pradesh","India",TRUE
"635","RT @DaaruBaazMehta: MUST WATCH N SHARE MAX

Delhi CM @ArvindKejriwal's Open Offer to Madhya Pradesh's CM @ChouhanShivraj 

""If you Have the","2018-07-22 11:23:41","TRUE","159","0","0","Education","Madhya Pradesh","India",TRUE
"636","RT @DaaruBaazMehta: MUST WATCH N SHARE MAX

Delhi CM @ArvindKejriwal's Open Offer to Madhya Pradesh's CM @ChouhanShivraj 

""If you Have the","2018-07-22 11:22:55","TRUE","159","0","0","Education","Madhya Pradesh","India",TRUE
"637","RT @DaaruBaazMehta: MUST WATCH N SHARE MAX

Delhi CM @ArvindKejriwal's Open Offer to Madhya Pradesh's CM @ChouhanShivraj 

""If you Have the","2018-07-22 11:20:18","TRUE","159","0","0","Education","Madhya Pradesh","India",TRUE
"638","RT @DaaruBaazMehta: MUST WATCH N SHARE MAX

Delhi CM @ArvindKejriwal's Open Offer to Madhya Pradesh's CM @ChouhanShivraj 

""If you Have the","2018-07-22 11:18:13","TRUE","159","0","0","Education","Madhya Pradesh","India",TRUE
"639","RT @DaaruBaazMehta: MUST WATCH N SHARE MAX

Delhi CM @ArvindKejriwal's Open Offer to Madhya Pradesh's CM @ChouhanShivraj 

""If you Have the","2018-07-22 11:17:23","TRUE","159","0","0","Education","Madhya Pradesh","India",TRUE
"640","RT @DaaruBaazMehta: MUST WATCH N SHARE MAX

Delhi CM @ArvindKejriwal's Open Offer to Madhya Pradesh's CM @ChouhanShivraj 

""If you Have the","2018-07-22 11:15:08","TRUE","159","0","0","Education","Madhya Pradesh","India",TRUE
"641","RT @DaaruBaazMehta: MUST WATCH N SHARE MAX

Delhi CM @ArvindKejriwal's Open Offer to Madhya Pradesh's CM @ChouhanShivraj 

""If you Have the","2018-07-22 11:14:26","TRUE","159","0","0","Education","Madhya Pradesh","India",TRUE
"642","RT @DaaruBaazMehta: MUST WATCH

AAP Madhya Pradesh Convener and AAP's CM Candidate for upcoming MP elections @iAlokAgarwal talks about the","2018-07-22 11:10:59","TRUE","187","0","0","Education","Madhya Pradesh","India",TRUE
"643","RT @DaaruBaazMehta: MUST WATCH N SHARE MAX

Delhi CM @ArvindKejriwal's Open Offer to Madhya Pradesh's CM @ChouhanShivraj 

""If you Have the","2018-07-22 11:09:24","TRUE","159","0","0","Education","Madhya Pradesh","India",TRUE
"644","RT @DaaruBaazMehta: MUST WATCH

AAP Madhya Pradesh Convener and AAP's CM Candidate for upcoming MP elections @iAlokAgarwal talks about the","2018-07-22 11:04:30","TRUE","187","0","0","Education","Madhya Pradesh","India",TRUE
"645","RT @DaaruBaazMehta: MUST WATCH N SHARE MAX

Delhi CM @ArvindKejriwal's Open Offer to Madhya Pradesh's CM @ChouhanShivraj 

""If you Have the","2018-07-22 10:57:45","TRUE","159","0","0","Education","Madhya Pradesh","India",TRUE
"646","RT @DaaruBaazMehta: MUST WATCH N SHARE MAX

Delhi CM @ArvindKejriwal's Open Offer to Madhya Pradesh's CM @ChouhanShivraj 

""If you Have the","2018-07-22 10:53:56","TRUE","159","0","0","Education","Madhya Pradesh","India",TRUE
"647","RT @DaaruBaazMehta: MUST WATCH N SHARE MAX

Delhi CM @ArvindKejriwal's Open Offer to Madhya Pradesh's CM @ChouhanShivraj 

""If you Have the","2018-07-22 10:43:27","TRUE","159","0","0","Education","Madhya Pradesh","India",TRUE
"648","RT @DaaruBaazMehta: MUST WATCH N SHARE MAX

Delhi CM @ArvindKejriwal's Open Offer to Madhya Pradesh's CM @ChouhanShivraj 

""If you Have the","2018-07-22 10:37:25","TRUE","159","0","0","Education","Madhya Pradesh","India",TRUE
"649","RT @DaaruBaazMehta: MUST WATCH N SHARE MAX

Delhi CM @ArvindKejriwal's Open Offer to Madhya Pradesh's CM @ChouhanShivraj 

""If you Have the","2018-07-22 10:34:14","TRUE","159","0","0","Education","Madhya Pradesh","India",TRUE
"650","RT @DaaruBaazMehta: MUST WATCH N SHARE MAX

Delhi CM @ArvindKejriwal's Open Offer to Madhya Pradesh's CM @ChouhanShivraj 

""If you Have the","2018-07-22 10:32:03","TRUE","159","0","0","Education","Madhya Pradesh","India",TRUE
"651","RT @INCIndia: PM Modi's habit of making tall promises to citizens is spreading across the BJP like an epidemic.   ","2018-07-22 10:29:01","TRUE","370","0","0","Education","Madhya Pradesh","India",TRUE
"652","RT @DaaruBaazMehta: MUST WATCH N SHARE MAX

Delhi CM @ArvindKejriwal's Open Offer to Madhya Pradesh's CM @ChouhanShivraj 

""If you Have the","2018-07-22 10:28:52","TRUE","159","0","1","Education","Madhya Pradesh","India",TRUE
"653","RT @DaaruBaazMehta: MUST WATCH

AAP Madhya Pradesh Convener and AAP's CM Candidate for upcoming MP elections @iAlokAgarwal talks about the","2018-07-22 10:26:46","TRUE","187","0","0","Education","Madhya Pradesh","India",TRUE
"654","RT @DaaruBaazMehta: MUST WATCH N SHARE MAX

Delhi CM @ArvindKejriwal's Open Offer to Madhya Pradesh's CM @ChouhanShivraj 

""If you Have the","2018-07-22 10:24:58","TRUE","159","0","0","Education","Madhya Pradesh","India",TRUE
"655","RT @DaaruBaazMehta: MUST WATCH N SHARE MAX

Delhi CM @ArvindKejriwal's Open Offer to Madhya Pradesh's CM @ChouhanShivraj 

""If you Have the","2018-07-22 10:16:52","TRUE","159","0","0","Education","Madhya Pradesh","India",TRUE
"656","RT @DaaruBaazMehta: MUST WATCH N SHARE MAX

Delhi CM @ArvindKejriwal's Open Offer to Madhya Pradesh's CM @ChouhanShivraj 

""If you Have the","2018-07-22 10:15:25","TRUE","159","0","0","Education","Madhya Pradesh","India",TRUE
"657","RT @DaaruBaazMehta: MUST WATCH N SHARE MAX

Delhi CM @ArvindKejriwal's Open Offer to Madhya Pradesh's CM @ChouhanShivraj 

""If you Have the","2018-07-22 10:11:39","TRUE","159","0","0","Education","Madhya Pradesh","India",TRUE
"658","RT @DaaruBaazMehta: MUST WATCH N SHARE MAX

Delhi CM @ArvindKejriwal's Open Offer to Madhya Pradesh's CM @ChouhanShivraj 

""If you Have the","2018-07-22 10:08:54","TRUE","159","0","0","Education","Madhya Pradesh","India",TRUE
"659","RT @INCIndia: PM Modi's habit of making tall promises to citizens is spreading across the BJP like an epidemic.   ","2018-07-22 10:08:35","TRUE","370","0","0","Education","Madhya Pradesh","India",TRUE
"660","RT @DaaruBaazMehta: MUST WATCH N SHARE MAX

Delhi CM @ArvindKejriwal's Open Offer to Madhya Pradesh's CM @ChouhanShivraj 

""If you Have the","2018-07-22 10:07:30","TRUE","159","0","0","Education","Madhya Pradesh","India",TRUE
"661","RT @DaaruBaazMehta: MUST WATCH

AAP Madhya Pradesh Convener and AAP's CM Candidate for upcoming MP elections @iAlokAgarwal talks about the","2018-07-22 10:06:50","TRUE","187","0","0","Education","Madhya Pradesh","India",TRUE
"662","RT @DaaruBaazMehta: MUST WATCH N SHARE MAX

Delhi CM @ArvindKejriwal's Open Offer to Madhya Pradesh's CM @ChouhanShivraj 

""If you Have the","2018-07-22 10:05:48","TRUE","159","0","0","Education","Madhya Pradesh","India",TRUE
"663","RT @DaaruBaazMehta: MUST WATCH N SHARE MAX

Delhi CM @ArvindKejriwal's Open Offer to Madhya Pradesh's CM @ChouhanShivraj 

""If you Have the","2018-07-22 09:57:34","TRUE","159","0","0","Education","Madhya Pradesh","India",TRUE
"664","RT @DaaruBaazMehta: MUST WATCH N SHARE MAX

Delhi CM @ArvindKejriwal's Open Offer to Madhya Pradesh's CM @ChouhanShivraj 

""If you Have the","2018-07-22 09:57:25","TRUE","159","0","0","Education","Madhya Pradesh","India",TRUE
"665","RT @DaaruBaazMehta: MUST WATCH N SHARE MAX

Delhi CM @ArvindKejriwal's Open Offer to Madhya Pradesh's CM @ChouhanShivraj 

""If you Have the","2018-07-22 09:50:37","TRUE","159","0","0","Education","Madhya Pradesh","India",TRUE
"666","RT @DaaruBaazMehta: MUST WATCH N SHARE MAX

Delhi CM @ArvindKejriwal's Open Offer to Madhya Pradesh's CM @ChouhanShivraj 

""If you Have the","2018-07-22 09:47:27","TRUE","159","0","0","Education","Madhya Pradesh","India",TRUE
"667","RT @DaaruBaazMehta: MUST WATCH N SHARE MAX

Delhi CM @ArvindKejriwal's Open Offer to Madhya Pradesh's CM @ChouhanShivraj 

""If you Have the","2018-07-22 09:46:15","TRUE","159","0","0","Education","Madhya Pradesh","India",TRUE
"668","RT @INCIndia: PM Modi's habit of making tall promises to citizens is spreading across the BJP like an epidemic.   ","2018-07-22 09:45:55","TRUE","370","0","0","Education","Madhya Pradesh","India",TRUE
"669","RT @DaaruBaazMehta: MUST WATCH N SHARE MAX

Delhi CM @ArvindKejriwal's Open Offer to Madhya Pradesh's CM @ChouhanShivraj 

""If you Have the","2018-07-22 09:44:28","TRUE","159","0","0","Education","Madhya Pradesh","India",TRUE
"670","RT @DaaruBaazMehta: MUST WATCH N SHARE MAX

Delhi CM @ArvindKejriwal's Open Offer to Madhya Pradesh's CM @ChouhanShivraj 

""If you Have the","2018-07-22 09:42:08","TRUE","159","0","0","Education","Madhya Pradesh","India",TRUE
"671","RT @DaaruBaazMehta: MUST WATCH N SHARE MAX

Delhi CM @ArvindKejriwal's Open Offer to Madhya Pradesh's CM @ChouhanShivraj 

""If you Have the","2018-07-22 09:42:00","TRUE","159","0","0","Education","Madhya Pradesh","India",TRUE
"672","RT @DaaruBaazMehta: MUST WATCH N SHARE MAX

Delhi CM @ArvindKejriwal's Open Offer to Madhya Pradesh's CM @ChouhanShivraj 

""If you Have the","2018-07-22 09:41:16","TRUE","159","0","0","Education","Madhya Pradesh","India",TRUE
"673","RT @DaaruBaazMehta: MUST WATCH

AAP Madhya Pradesh Convener and AAP's CM Candidate for upcoming MP elections @iAlokAgarwal talks about the","2018-07-22 09:40:44","TRUE","187","0","0","Education","Madhya Pradesh","India",TRUE
"674","RT @DaaruBaazMehta: MUST WATCH N SHARE MAX

Delhi CM @ArvindKejriwal's Open Offer to Madhya Pradesh's CM @ChouhanShivraj 

""If you Have the","2018-07-22 09:35:46","TRUE","159","0","0","Education","Madhya Pradesh","India",TRUE
"675","RT @DaaruBaazMehta: MUST WATCH

AAP Madhya Pradesh Convener and AAP's CM Candidate for upcoming MP elections @iAlokAgarwal talks about the","2018-07-22 09:34:41","TRUE","187","0","0","Education","Madhya Pradesh","India",TRUE
"676","RT @DaaruBaazMehta: MUST WATCH N SHARE MAX

Delhi CM @ArvindKejriwal's Open Offer to Madhya Pradesh's CM @ChouhanShivraj 

""If you Have the","2018-07-22 09:34:30","TRUE","159","0","0","Education","Madhya Pradesh","India",TRUE
"677","RT @INCIndia: PM Modi's habit of making tall promises to citizens is spreading across the BJP like an epidemic.   ","2018-07-22 09:33:57","TRUE","370","0","0","Education","Madhya Pradesh","India",TRUE
"678","RT @INCIndia: PM Modi's habit of making tall promises to citizens is spreading across the BJP like an epidemic.   ","2018-07-22 09:31:23","TRUE","370","0","0","Education","Madhya Pradesh","India",TRUE
"679","RT @DaaruBaazMehta: MUST WATCH N SHARE MAX

Delhi CM @ArvindKejriwal's Open Offer to Madhya Pradesh's CM @ChouhanShivraj 

""If you Have the","2018-07-22 09:28:42","TRUE","159","0","0","Education","Madhya Pradesh","India",TRUE
"680","RT @DaaruBaazMehta: MUST WATCH N SHARE MAX

Delhi CM @ArvindKejriwal's Open Offer to Madhya Pradesh's CM @ChouhanShivraj 

""If you Have the","2018-07-22 09:27:48","TRUE","159","0","0","Education","Madhya Pradesh","India",TRUE
"681","RT @DaaruBaazMehta: MUST WATCH N SHARE MAX

Delhi CM @ArvindKejriwal's Open Offer to Madhya Pradesh's CM @ChouhanShivraj 

""If you Have the","2018-07-22 09:27:24","TRUE","159","0","0","Education","Madhya Pradesh","India",TRUE
"682","RT @INCIndia: PM Modi's habit of making tall promises to citizens is spreading across the BJP like an epidemic.   ","2018-07-22 09:27:11","TRUE","370","0","0","Education","Madhya Pradesh","India",TRUE
"683","RT @DaaruBaazMehta: MUST WATCH N SHARE MAX

Delhi CM @ArvindKejriwal's Open Offer to Madhya Pradesh's CM @ChouhanShivraj 

""If you Have the","2018-07-22 09:27:06","TRUE","159","0","0","Education","Madhya Pradesh","India",TRUE
"684","RT @DaaruBaazMehta: MUST WATCH N SHARE MAX

Delhi CM @ArvindKejriwal's Open Offer to Madhya Pradesh's CM @ChouhanShivraj 

""If you Have the","2018-07-22 09:25:59","TRUE","159","0","0","Education","Madhya Pradesh","India",TRUE
"685","RT @DaaruBaazMehta: MUST WATCH N SHARE MAX

Delhi CM @ArvindKejriwal's Open Offer to Madhya Pradesh's CM @ChouhanShivraj 

""If you Have the","2018-07-22 09:25:50","TRUE","159","0","0","Education","Madhya Pradesh","India",TRUE
"686","RT @DaaruBaazMehta: MUST WATCH N SHARE MAX

Delhi CM @ArvindKejriwal's Open Offer to Madhya Pradesh's CM @ChouhanShivraj 

""If you Have the","2018-07-22 09:25:10","TRUE","159","0","1","Education","Madhya Pradesh","India",TRUE
"687","RT @DaaruBaazMehta: MUST WATCH N SHARE MAX

Delhi CM @ArvindKejriwal's Open Offer to Madhya Pradesh's CM @ChouhanShivraj 

""If you Have the","2018-07-22 09:24:37","TRUE","159","0","0","Education","Madhya Pradesh","India",TRUE
"688","RT @AlkaMaverick: MP:flop education model! No teachers @ChouhanShivraj
"" ,  ,   ""

      ","2018-07-22 09:24:35","TRUE","10","0","1","Education","Madhya Pradesh","India",TRUE
"689","RT @DaaruBaazMehta: MUST WATCH

AAP Madhya Pradesh Convener and AAP's CM Candidate for upcoming MP elections @iAlokAgarwal talks about the","2018-07-22 09:19:06","TRUE","187","0","1","Education","Madhya Pradesh","India",TRUE
"690","RT @DaaruBaazMehta: MUST WATCH N SHARE MAX

Delhi CM @ArvindKejriwal's Open Offer to Madhya Pradesh's CM @ChouhanShivraj 

""If you Have the","2018-07-22 09:18:57","TRUE","159","0","0","Education","Madhya Pradesh","India",TRUE
"691","RT @DaaruBaazMehta: MUST WATCH N SHARE MAX

Delhi CM @ArvindKejriwal's Open Offer to Madhya Pradesh's CM @ChouhanShivraj 

""If you Have the","2018-07-22 09:18:29","TRUE","159","0","0","Education","Madhya Pradesh","India",TRUE
"692","RT @DaaruBaazMehta: MUST WATCH N SHARE MAX

Delhi CM @ArvindKejriwal's Open Offer to Madhya Pradesh's CM @ChouhanShivraj 

""If you Have the","2018-07-22 09:16:24","TRUE","159","0","0","Education","Madhya Pradesh","India",TRUE
"693","RT @DaaruBaazMehta: MUST WATCH N SHARE MAX

Delhi CM @ArvindKejriwal's Open Offer to Madhya Pradesh's CM @ChouhanShivraj 

""If you Have the","2018-07-22 09:15:45","TRUE","159","0","0","Education","Madhya Pradesh","India",TRUE
"694","RT @DaaruBaazMehta: MUST WATCH N SHARE MAX

Delhi CM @ArvindKejriwal's Open Offer to Madhya Pradesh's CM @ChouhanShivraj 

""If you Have the","2018-07-22 09:14:36","TRUE","159","0","0","Education","Madhya Pradesh","India",TRUE
"695","RT @DaaruBaazMehta: MUST WATCH N SHARE MAX

Delhi CM @ArvindKejriwal's Open Offer to Madhya Pradesh's CM @ChouhanShivraj 

""If you Have the","2018-07-22 09:14:30","TRUE","159","0","0","Education","Madhya Pradesh","India",TRUE
"696","RT @OfficeofSSC: I see a lot of faith and confidence in the eyes of children and youth of Madhya Pradesh. We are providing them with the be","2018-07-22 09:12:56","TRUE","23","0","0","Education","Madhya Pradesh","India",FALSE
"697","RT @DaaruBaazMehta: MUST WATCH N SHARE MAX

Delhi CM @ArvindKejriwal's Open Offer to Madhya Pradesh's CM @ChouhanShivraj 

""If you Have the","2018-07-22 09:11:08","TRUE","159","0","0","Education","Madhya Pradesh","India",TRUE
"698","RT @DaaruBaazMehta: MUST WATCH N SHARE MAX

Delhi CM @ArvindKejriwal's Open Offer to Madhya Pradesh's CM @ChouhanShivraj 

""If you Have the","2018-07-22 09:10:21","TRUE","159","0","0","Education","Madhya Pradesh","India",TRUE
"699","RT @DaaruBaazMehta: MUST WATCH N SHARE MAX

Delhi CM @ArvindKejriwal's Open Offer to Madhya Pradesh's CM @ChouhanShivraj 

""If you Have the","2018-07-22 09:10:20","TRUE","159","0","0","Education","Madhya Pradesh","India",TRUE
"700","RT @DaaruBaazMehta: MUST WATCH N SHARE MAX

Delhi CM @ArvindKejriwal's Open Offer to Madhya Pradesh's CM @ChouhanShivraj 

""If you Have the","2018-07-22 09:10:07","TRUE","159","0","0","Education","Madhya Pradesh","India",TRUE
"701","RT @DaaruBaazMehta: MUST WATCH N SHARE MAX

Delhi CM @ArvindKejriwal's Open Offer to Madhya Pradesh's CM @ChouhanShivraj 

""If you Have the","2018-07-22 09:10:05","TRUE","159","0","0","Education","Madhya Pradesh","India",TRUE
"702","RT @DaaruBaazMehta: MUST WATCH

AAP Madhya Pradesh Convener and AAP's CM Candidate for upcoming MP elections @iAlokAgarwal talks about the","2018-07-22 09:08:15","TRUE","187","0","0","Education","Madhya Pradesh","India",TRUE
"703","RT @DaaruBaazMehta: MUST WATCH N SHARE MAX

Delhi CM @ArvindKejriwal's Open Offer to Madhya Pradesh's CM @ChouhanShivraj 

""If you Have the","2018-07-22 09:07:49","TRUE","159","0","0","Education","Madhya Pradesh","India",TRUE
"704","RT @DaaruBaazMehta: MUST WATCH N SHARE MAX

Delhi CM @ArvindKejriwal's Open Offer to Madhya Pradesh's CM @ChouhanShivraj 

""If you Have the","2018-07-22 09:07:36","TRUE","159","0","0","Education","Madhya Pradesh","India",TRUE
"705","RT @DaaruBaazMehta: MUST WATCH N SHARE MAX

Delhi CM @ArvindKejriwal's Open Offer to Madhya Pradesh's CM @ChouhanShivraj 

""If you Have the","2018-07-22 09:07:25","TRUE","159","0","0","Education","Madhya Pradesh","India",TRUE
"706","RT @DaaruBaazMehta: MUST WATCH N SHARE MAX

Delhi CM @ArvindKejriwal's Open Offer to Madhya Pradesh's CM @ChouhanShivraj 

""If you Have the","2018-07-22 09:07:05","TRUE","159","0","0","Education","Madhya Pradesh","India",TRUE
"707","RT @DaaruBaazMehta: MUST WATCH N SHARE MAX

Delhi CM @ArvindKejriwal's Open Offer to Madhya Pradesh's CM @ChouhanShivraj 

""If you Have the","2018-07-22 09:06:30","TRUE","159","0","0","Education","Madhya Pradesh","India",TRUE
"708","RT @DaaruBaazMehta: MUST WATCH N SHARE MAX

Delhi CM @ArvindKejriwal's Open Offer to Madhya Pradesh's CM @ChouhanShivraj 

""If you Have the","2018-07-22 09:06:16","TRUE","159","0","0","Education","Madhya Pradesh","India",TRUE
"709","RT @DaaruBaazMehta: MUST WATCH N SHARE MAX

Delhi CM @ArvindKejriwal's Open Offer to Madhya Pradesh's CM @ChouhanShivraj 

""If you Have the","2018-07-22 09:05:09","TRUE","159","0","0","Education","Madhya Pradesh","India",TRUE
"710","RT @DaaruBaazMehta: MUST WATCH N SHARE MAX

Delhi CM @ArvindKejriwal's Open Offer to Madhya Pradesh's CM @ChouhanShivraj 

""If you Have the","2018-07-22 09:04:50","TRUE","159","0","0","Education","Madhya Pradesh","India",TRUE
"711","RT @DaaruBaazMehta: MUST WATCH N SHARE MAX

Delhi CM @ArvindKejriwal's Open Offer to Madhya Pradesh's CM @ChouhanShivraj 

""If you Have the","2018-07-22 09:03:49","TRUE","159","0","0","Education","Madhya Pradesh","India",TRUE
"712","RT @DaaruBaazMehta: MUST WATCH N SHARE MAX

Delhi CM @ArvindKejriwal's Open Offer to Madhya Pradesh's CM @ChouhanShivraj 

""If you Have the","2018-07-22 09:03:39","TRUE","159","0","0","Education","Madhya Pradesh","India",TRUE
"713","RT @DaaruBaazMehta: MUST WATCH N SHARE MAX

Delhi CM @ArvindKejriwal's Open Offer to Madhya Pradesh's CM @ChouhanShivraj 

""If you Have the","2018-07-22 09:00:50","TRUE","159","0","0","Education","Madhya Pradesh","India",TRUE
"714","RT @AlkaMaverick: MP:flop education model! No teachers @ChouhanShivraj
"" ,  ,   ""

      ","2018-07-22 09:00:44","TRUE","10","0","0","Education","Madhya Pradesh","India",TRUE
"715","RT @DaaruBaazMehta: MUST WATCH N SHARE MAX

Delhi CM @ArvindKejriwal's Open Offer to Madhya Pradesh's CM @ChouhanShivraj 

""If you Have the","2018-07-22 08:59:28","TRUE","159","0","0","Education","Madhya Pradesh","India",TRUE
"716","RT @DaaruBaazMehta: MUST WATCH N SHARE MAX

Delhi CM @ArvindKejriwal's Open Offer to Madhya Pradesh's CM @ChouhanShivraj 

""If you Have the","2018-07-22 08:58:57","TRUE","159","0","0","Education","Madhya Pradesh","India",TRUE
"717","RT @DaaruBaazMehta: MUST WATCH N SHARE MAX

Delhi CM @ArvindKejriwal's Open Offer to Madhya Pradesh's CM @ChouhanShivraj 

""If you Have the","2018-07-22 08:58:32","TRUE","159","0","0","Education","Madhya Pradesh","India",TRUE
"718","RT @INCIndia: PM Modi's habit of making tall promises to citizens is spreading across the BJP like an epidemic.   ","2018-07-22 08:56:36","TRUE","370","0","0","Education","Madhya Pradesh","India",TRUE
"719","RT @DaaruBaazMehta: MUST WATCH N SHARE MAX

Delhi CM @ArvindKejriwal's Open Offer to Madhya Pradesh's CM @ChouhanShivraj 

""If you Have the","2018-07-22 08:54:47","TRUE","159","0","0","Education","Madhya Pradesh","India",TRUE
"720","RT @DaaruBaazMehta: MUST WATCH N SHARE MAX

Delhi CM @ArvindKejriwal's Open Offer to Madhya Pradesh's CM @ChouhanShivraj 

""If you Have the","2018-07-22 08:54:44","TRUE","159","0","0","Education","Madhya Pradesh","India",TRUE
"721","RT @DaaruBaazMehta: MUST WATCH N SHARE MAX

Delhi CM @ArvindKejriwal's Open Offer to Madhya Pradesh's CM @ChouhanShivraj 

""If you Have the","2018-07-22 08:54:18","TRUE","159","0","0","Education","Madhya Pradesh","India",TRUE
"722","RT @DaaruBaazMehta: MUST WATCH N SHARE MAX

Delhi CM @ArvindKejriwal's Open Offer to Madhya Pradesh's CM @ChouhanShivraj 

""If you Have the","2018-07-22 08:53:32","TRUE","159","0","0","Education","Madhya Pradesh","India",TRUE
"723","RT @INCIndia: PM Modi's habit of making tall promises to citizens is spreading across the BJP like an epidemic.   ","2018-07-22 08:53:24","FALSE","0","0","0","Education","Madhya Pradesh","India",TRUE
"724","RT @CMMadhyaPradesh: Students of Madhya Pradesh also have the talent to become doctors and engineers and make it big in life. We will provi","2018-07-22 08:52:09","TRUE","189","0","0","Education","Madhya Pradesh","India",TRUE
"725","RT @DaaruBaazMehta: MUST WATCH N SHARE MAX

Delhi CM @ArvindKejriwal's Open Offer to Madhya Pradesh's CM @ChouhanShivraj 

""If you Have the","2018-07-22 08:51:22","TRUE","159","0","0","Education","Madhya Pradesh","India",TRUE
"726","RT @DaaruBaazMehta: MUST WATCH N SHARE MAX

Delhi CM @ArvindKejriwal's Open Offer to Madhya Pradesh's CM @ChouhanShivraj 

""If you Have the","2018-07-22 08:50:53","TRUE","159","0","0","Education","Madhya Pradesh","India",TRUE
"727","RT @DaaruBaazMehta: MUST WATCH N SHARE MAX

Delhi CM @ArvindKejriwal's Open Offer to Madhya Pradesh's CM @ChouhanShivraj 

""If you Have the","2018-07-22 08:50:30","TRUE","159","0","0","Education","Madhya Pradesh","India",TRUE
"728","RT @AlkaMaverick: MP:flop education model! No teachers @ChouhanShivraj
"" ,  ,   ""

      ","2018-07-22 08:50:29","TRUE","10","0","0","Education","Madhya Pradesh","India",TRUE
"729","RT @DaaruBaazMehta: MUST WATCH N SHARE MAX

Delhi CM @ArvindKejriwal's Open Offer to Madhya Pradesh's CM @ChouhanShivraj 

""If you Have the","2018-07-22 08:49:59","TRUE","159","0","0","Education","Madhya Pradesh","India",TRUE
"730","RT @DaaruBaazMehta: MUST WATCH N SHARE MAX

Delhi CM @ArvindKejriwal's Open Offer to Madhya Pradesh's CM @ChouhanShivraj 

""If you Have the","2018-07-22 08:49:47","TRUE","159","0","0","Education","Madhya Pradesh","India",TRUE
"731","RT @DaaruBaazMehta: MUST WATCH N SHARE MAX

Delhi CM @ArvindKejriwal's Open Offer to Madhya Pradesh's CM @ChouhanShivraj 

""If you Have the","2018-07-22 08:49:43","TRUE","159","0","0","Education","Madhya Pradesh","India",TRUE
"732","RT @DaaruBaazMehta: MUST WATCH

AAP Madhya Pradesh Convener and AAP's CM Candidate for upcoming MP elections @iAlokAgarwal talks about the","2018-07-22 08:48:48","TRUE","187","0","0","Education","Madhya Pradesh","India",TRUE
"733","RT @DaaruBaazMehta: MUST WATCH N SHARE MAX

Delhi CM @ArvindKejriwal's Open Offer to Madhya Pradesh's CM @ChouhanShivraj 

""If you Have the","2018-07-22 08:48:35","TRUE","159","0","1","Education","Madhya Pradesh","India",TRUE
"734","RT @AlkaMaverick: MP:flop education model! No teachers @ChouhanShivraj
"" ,  ,   ""

      ","2018-07-22 08:48:02","TRUE","10","0","1","Education","Madhya Pradesh","India",TRUE
"735","RT @DaaruBaazMehta: MUST WATCH N SHARE MAX

Delhi CM @ArvindKejriwal's Open Offer to Madhya Pradesh's CM @ChouhanShivraj 

""If you Have the","2018-07-22 08:47:31","TRUE","159","0","-1","Education","Madhya Pradesh","India",TRUE
"736","RT @INCIndia: PM Modi's habit of making tall promises to citizens is spreading across the BJP like an epidemic.   ","2018-07-22 08:45:27","TRUE","370","0","0","Education","Madhya Pradesh","India",TRUE
"737","RT @DaaruBaazMehta: MUST WATCH

AAP Madhya Pradesh Convener and AAP's CM Candidate for upcoming MP elections @iAlokAgarwal talks about the","2018-07-22 08:44:59","TRUE","187","0","0","Education","Madhya Pradesh","India",TRUE
"738","RT @DaaruBaazMehta: MUST WATCH N SHARE MAX

Delhi CM @ArvindKejriwal's Open Offer to Madhya Pradesh's CM @ChouhanShivraj 

""If you Have the","2018-07-22 08:44:47","TRUE","159","0","1","Education","Madhya Pradesh","India",TRUE
"739","RT @DaaruBaazMehta: MUST WATCH N SHARE MAX

Delhi CM @ArvindKejriwal's Open Offer to Madhya Pradesh's CM @ChouhanShivraj 

""If you Have the","2018-07-22 08:44:05","TRUE","159","0","1","Education","Madhya Pradesh","India",TRUE
"740","RT @DaaruBaazMehta: MUST WATCH N SHARE MAX

Delhi CM @ArvindKejriwal's Open Offer to Madhya Pradesh's CM @ChouhanShivraj 

""If you Have the","2018-07-22 08:43:11","TRUE","159","0","0","Education","Madhya Pradesh","India",TRUE
"741","RT @DaaruBaazMehta: MUST WATCH

AAP Madhya Pradesh Convener and AAP's CM Candidate for upcoming MP elections @iAlokAgarwal talks about the","2018-07-22 08:42:50","TRUE","187","0","0","Education","Madhya Pradesh","India",TRUE
"742","RT @DaaruBaazMehta: MUST WATCH N SHARE MAX

Delhi CM @ArvindKejriwal's Open Offer to Madhya Pradesh's CM @ChouhanShivraj 

""If you Have the","2018-07-22 08:41:42","TRUE","159","0","0","Education","Madhya Pradesh","India",TRUE
"743","RT @DaaruBaazMehta: MUST WATCH N SHARE MAX

Delhi CM @ArvindKejriwal's Open Offer to Madhya Pradesh's CM @ChouhanShivraj 

""If you Have the","2018-07-22 08:41:27","TRUE","159","0","-2","Education","Madhya Pradesh","India",TRUE
"744","RT @DaaruBaazMehta: MUST WATCH N SHARE MAX

Delhi CM @ArvindKejriwal's Open Offer to Madhya Pradesh's CM @ChouhanShivraj 

""If you Have the","2018-07-22 08:41:22","TRUE","159","0","1","Education","Madhya Pradesh","India",TRUE
"745","RT @AlkaMaverick: MP:flop education model! No teachers @ChouhanShivraj
"" ,  ,   ""

      ","2018-07-22 08:41:05","TRUE","10","0","1","Education","Madhya Pradesh","India",TRUE
"746","RT @DaaruBaazMehta: MUST WATCH N SHARE MAX

Delhi CM @ArvindKejriwal's Open Offer to Madhya Pradesh's CM @ChouhanShivraj 

""If you Have the","2018-07-22 08:40:41","TRUE","159","0","2","Education","Madhya Pradesh","India",TRUE
"747","RT @DaaruBaazMehta: MUST WATCH

AAP Madhya Pradesh Convener and AAP's CM Candidate for upcoming MP elections @iAlokAgarwal talks about the","2018-07-22 08:40:28","TRUE","187","0","0","Education","Madhya Pradesh","India",TRUE
"748","RT @DaaruBaazMehta: MUST WATCH N SHARE MAX

Delhi CM @ArvindKejriwal's Open Offer to Madhya Pradesh's CM @ChouhanShivraj 

""If you Have the","2018-07-22 08:39:10","TRUE","159","0","1","Education","Madhya Pradesh","India",TRUE
"749","MP:flop education model! No teachers @ChouhanShivraj
"" ,  ,   ""

       ","2018-07-22 08:38:39","FALSE","10","15","0","Education","Madhya Pradesh","India",FALSE
"750","RT @DaaruBaazMehta: MUST WATCH N SHARE MAX

Delhi CM @ArvindKejriwal's Open Offer to Madhya Pradesh's CM @ChouhanShivraj 

""If you Have the","2018-07-22 08:38:26","TRUE","159","0","2","Education","Madhya Pradesh","India",TRUE
"751","MUST WATCH N SHARE MAX

Delhi CM @ArvindKejriwal's Open Offer to Madhya Pradesh's CM @ChouhanShivraj 

""If you Have  ","2018-07-22 08:38:16","FALSE","159","219","0","Education","Madhya Pradesh","India",FALSE
"752","RT @DaaruBaazMehta: MUST WATCH

AAP Madhya Pradesh Convener and AAP's CM Candidate for upcoming MP elections @iAlokAgarwal talks about the","2018-07-22 08:24:40","TRUE","187","0","1","Education","Madhya Pradesh","India",TRUE
"753","RT @INCIndia: PM Modi's habit of making tall promises to citizens is spreading across the BJP like an epidemic.   ","2018-07-22 08:23:20","TRUE","370","0","0","Education","Madhya Pradesh","India",TRUE
"754","RT @DaaruBaazMehta: MUST WATCH

AAP Madhya Pradesh Convener and AAP's CM Candidate for upcoming MP elections @iAlokAgarwal talks about the","2018-07-22 08:16:29","TRUE","187","0","0","Education","Madhya Pradesh","India",TRUE
"755","RT @INCIndia: PM Modi's habit of making tall promises to citizens is spreading across the BJP like an epidemic.   ","2018-07-22 08:16:08","TRUE","370","0","0","Education","Madhya Pradesh","India",TRUE
"756","RT @DaaruBaazMehta: MUST WATCH

AAP Madhya Pradesh Convener and AAP's CM Candidate for upcoming MP elections @iAlokAgarwal talks about the","2018-07-22 08:09:44","TRUE","187","0","1","Education","Madhya Pradesh","India",TRUE
"757","RT @OfficeofSSC: I see a lot of faith and confidence in the eyes of children and youth of Madhya Pradesh. We are providing them with the be","2018-07-22 08:00:45","TRUE","23","0","0","Education","Madhya Pradesh","India",TRUE
"758","RT @INCIndia: PM Modi's habit of making tall promises to citizens is spreading across the BJP like an epidemic.   ","2018-07-22 07:46:55","TRUE","370","0","0","Education","Madhya Pradesh","India",TRUE
"759","RT @INCIndia: PM Modi's habit of making tall promises to citizens is spreading across the BJP like an epidemic.   ","2018-07-22 07:43:24","TRUE","370","0","1","Education","Madhya Pradesh","India",TRUE
"760","RT @INCIndia: PM Modi's habit of making tall promises to citizens is spreading across the BJP like an epidemic.   ","2018-07-22 07:35:30","TRUE","370","0","0","Education","Madhya Pradesh","India",TRUE
"761","RT @DaaruBaazMehta: MUST WATCH

AAP Madhya Pradesh Convener and AAP's CM Candidate for upcoming MP elections @iAlokAgarwal talks about the","2018-07-22 07:29:10","TRUE","187","0","0","Education","Madhya Pradesh","India",TRUE
"762","RT @DaaruBaazMehta: MUST WATCH

AAP Madhya Pradesh Convener and AAP's CM Candidate for upcoming MP elections @iAlokAgarwal talks about the","2018-07-22 07:23:50","TRUE","187","0","1","Education","Madhya Pradesh","India",TRUE
"763","RT @DaaruBaazMehta: MUST WATCH

AAP Madhya Pradesh Convener and AAP's CM Candidate for upcoming MP elections @iAlokAgarwal talks about the","2018-07-22 07:20:44","TRUE","187","0","0","Education","Madhya Pradesh","India",TRUE
"764","PM Modi's habit of making tall promises to citizens is spreading across the BJP like an epidemic.   ","2018-07-22 07:03:04","FALSE","0","0","1","Education","Madhya Pradesh","India",FALSE
"765","RT @DaaruBaazMehta: MUST WATCH

AAP Madhya Pradesh Convener and AAP's CM Candidate for upcoming MP elections @iAlokAgarwal talks about the","2018-07-22 06:54:23","TRUE","187","0","0","Education","Madhya Pradesh","India",TRUE
"766","RT @DaaruBaazMehta: MUST WATCH

AAP Madhya Pradesh Convener and AAP's CM Candidate for upcoming MP elections @iAlokAgarwal talks about the","2018-07-22 06:50:51","TRUE","187","0","0","Education","Madhya Pradesh","India",TRUE
"767","RT @INCIndia: PM Modi's habit of making tall promises to citizens is spreading across the BJP like an epidemic.   ","2018-07-22 06:46:53","TRUE","370","0","0","Education","Madhya Pradesh","India",TRUE
"768","RT @DaaruBaazMehta: MUST WATCH

AAP Madhya Pradesh Convener and AAP's CM Candidate for upcoming MP elections @iAlokAgarwal talks about the","2018-07-22 06:45:47","TRUE","187","0","1","Education","Madhya Pradesh","India",TRUE
"769","RT @INCIndia: PM Modi's habit of making tall promises to citizens is spreading across the BJP like an epidemic.   ","2018-07-22 06:40:13","TRUE","370","0","1","Education","Madhya Pradesh","India",TRUE
"770","RT @INCIndia: PM Modi's habit of making tall promises to citizens is spreading across the BJP like an epidemic.   ","2018-07-22 06:31:04","TRUE","370","0","0","Education","Madhya Pradesh","India",TRUE
"771","RT @DaaruBaazMehta: MUST WATCH

AAP Madhya Pradesh Convener and AAP's CM Candidate for upcoming MP elections @iAlokAgarwal talks about the","2018-07-22 06:26:30","TRUE","187","0","0","Education","Madhya Pradesh","India",TRUE
"772","RT @DaaruBaazMehta: MUST WATCH

AAP Madhya Pradesh Convener and AAP's CM Candidate for upcoming MP elections @iAlokAgarwal talks about the","2018-07-22 06:21:55","TRUE","187","0","0","Education","Madhya Pradesh","India",TRUE
"773","RT @INCIndia: PM Modi's habit of making tall promises to citizens is spreading across the BJP like an epidemic.   ","2018-07-22 06:17:13","TRUE","370","0","0","Education","Madhya Pradesh","India",TRUE
"774","RT @INCIndia: PM Modi's habit of making tall promises to citizens is spreading across the BJP like an epidemic.   ","2018-07-22 06:09:31","TRUE","370","0","0","Education","Madhya Pradesh","India",TRUE
"775","RT @DaaruBaazMehta: MUST WATCH

AAP Madhya Pradesh Convener and AAP's CM Candidate for upcoming MP elections @iAlokAgarwal talks about the","2018-07-22 06:07:29","TRUE","187","0","1","Education","Madhya Pradesh","India",TRUE
"776","RT @DaaruBaazMehta: MUST WATCH

AAP Madhya Pradesh Convener and AAP's CM Candidate for upcoming MP elections @iAlokAgarwal talks about the","2018-07-22 06:03:57","TRUE","187","0","0","Education","Madhya Pradesh","India",TRUE
"777","RT @INCIndia: PM Modi's habit of making tall promises to citizens is spreading across the BJP like an epidemic.   ","2018-07-22 06:02:42","TRUE","370","0","0","Education","Madhya Pradesh","India",TRUE
"778","RT @DaaruBaazMehta: MUST WATCH

AAP Madhya Pradesh Convener and AAP's CM Candidate for upcoming MP elections @iAlokAgarwal talks about the","2018-07-22 06:02:28","TRUE","187","0","0","Education","Madhya Pradesh","India",TRUE
"779","    !          ","2018-07-22 06:00:01","FALSE","0","0","1","Education","Madhya Pradesh","India",FALSE
"780","RT @CMMadhyaPradesh: Students of Madhya Pradesh also have the talent to become doctors and engineers and make it big in life. We will provi","2018-07-22 05:59:16","TRUE","189","0","0","Education","Madhya Pradesh","India",TRUE
"781","RT @INCIndia: PM Modi's habit of making tall promises to citizens is spreading across the BJP like an epidemic.   ","2018-07-22 05:50:11","TRUE","370","0","0","Education","Madhya Pradesh","India",TRUE
"782","RT @INCIndia: PM Modi's habit of making tall promises to citizens is spreading across the BJP like an epidemic.   ","2018-07-22 05:46:19","TRUE","370","0","-2","Education","Madhya Pradesh","India",TRUE
"783","RT @DaaruBaazMehta: MUST WATCH

AAP Madhya Pradesh Convener and AAP's CM Candidate for upcoming MP elections @iAlokAgarwal talks about the","2018-07-22 05:45:59","TRUE","187","0","-1","Education","Madhya Pradesh","India",TRUE
"784","RT @DaaruBaazMehta: MUST WATCH

AAP Madhya Pradesh Convener and AAP's CM Candidate for upcoming MP elections @iAlokAgarwal talks about the","2018-07-22 05:45:51","TRUE","187","0","-1","Education","Madhya Pradesh","India",TRUE
"785","RT @DaaruBaazMehta: MUST WATCH

AAP Madhya Pradesh Convener and AAP's CM Candidate for upcoming MP elections @iAlokAgarwal talks about the","2018-07-22 05:44:52","TRUE","187","0","-1","Education","Madhya Pradesh","India",TRUE
"786","RT @DaaruBaazMehta: MUST WATCH

AAP Madhya Pradesh Convener and AAP's CM Candidate for upcoming MP elections @iAlokAgarwal talks about the","2018-07-22 05:44:28","TRUE","187","0","1","Education","Madhya Pradesh","India",TRUE
"787","RT @INCIndia: PM Modi's habit of making tall promises to citizens is spreading across the BJP like an epidemic.   ","2018-07-22 05:43:34","TRUE","370","0","-1","Education","Madhya Pradesh","India",TRUE
"788","RT @DaaruBaazMehta: MUST WATCH

AAP Madhya Pradesh Convener and AAP's CM Candidate for upcoming MP elections @iAlokAgarwal talks about the","2018-07-22 05:38:08","TRUE","187","0","0","Education","Madhya Pradesh","India",TRUE
"789","RT @INCIndia: PM Modi's habit of making tall promises to citizens is spreading across the BJP like an epidemic.   ","2018-07-22 05:34:49","TRUE","370","0","-1","Education","Madhya Pradesh","India",TRUE
"790","RT @DaaruBaazMehta: MUST WATCH

AAP Madhya Pradesh Convener and AAP's CM Candidate for upcoming MP elections @iAlokAgarwal talks about the","2018-07-22 05:34:03","TRUE","187","0","-1","Education","Madhya Pradesh","India",TRUE
"791","RT @DaaruBaazMehta: MUST WATCH

AAP Madhya Pradesh Convener and AAP's CM Candidate for upcoming MP elections @iAlokAgarwal talks about the","2018-07-22 05:20:26","TRUE","187","0","-1","Education","Madhya Pradesh","India",TRUE
"792","RT @DaaruBaazMehta: MUST WATCH

AAP Madhya Pradesh Convener and AAP's CM Candidate for upcoming MP elections @iAlokAgarwal talks about the","2018-07-22 05:12:14","TRUE","187","0","0","Education","Madhya Pradesh","India",TRUE
"793","RT @DaaruBaazMehta: MUST WATCH

AAP Madhya Pradesh Convener and AAP's CM Candidate for upcoming MP elections @iAlokAgarwal talks about the","2018-07-22 05:11:44","TRUE","187","0","-1","Education","Madhya Pradesh","India",TRUE
"794","RT @INCIndia: PM Modi's habit of making tall promises to citizens is spreading across the BJP like an epidemic.   ","2018-07-22 05:10:17","TRUE","370","0","3","Education","Madhya Pradesh","India",TRUE
"795","RT @DaaruBaazMehta: MUST WATCH

AAP Madhya Pradesh Convener and AAP's CM Candidate for upcoming MP elections @iAlokAgarwal talks about the","2018-07-22 05:05:24","TRUE","187","0","1","Education","Madhya Pradesh","India",TRUE
"796","RT @DaaruBaazMehta: MUST WATCH

AAP Madhya Pradesh Convener and AAP's CM Candidate for upcoming MP elections @iAlokAgarwal talks about the","2018-07-22 05:03:58","TRUE","187","0","1","Education","Madhya Pradesh","India",TRUE
"797","RT @INCIndia: PM Modi's habit of making tall promises to citizens is spreading across the BJP like an epidemic.   ","2018-07-22 05:02:17","TRUE","370","0","0","Education","Madhya Pradesh","India",TRUE
"798","RT @INCIndia: PM Modi's habit of making tall promises to citizens is spreading across the BJP like an epidemic.   ","2018-07-22 05:00:18","TRUE","370","0","1","Education","Madhya Pradesh","India",TRUE
"799","RT @DaaruBaazMehta: MUST WATCH

AAP Madhya Pradesh Convener and AAP's CM Candidate for upcoming MP elections @iAlokAgarwal talks about the","2018-07-22 04:56:15","TRUE","187","0","1","Education","Madhya Pradesh","India",TRUE
"800","RT @DaaruBaazMehta: MUST WATCH

AAP Madhya Pradesh Convener and AAP's CM Candidate for upcoming MP elections @iAlokAgarwal talks about the","2018-07-22 04:54:20","TRUE","187","0","-2","Education","Madhya Pradesh","India",TRUE
"801","RT @INCIndia: PM Modi's habit of making tall promises to citizens is spreading across the BJP like an epidemic.   ","2018-07-22 04:50:43","TRUE","370","0","1","Education","Madhya Pradesh","India",TRUE
"802","RT @INCIndia: PM Modi's habit of making tall promises to citizens is spreading across the BJP like an epidemic.   ","2018-07-22 04:46:23","TRUE","370","0","0","Education","Madhya Pradesh","India",TRUE
"803","RT @DaaruBaazMehta: MUST WATCH

AAP Madhya Pradesh Convener and AAP's CM Candidate for upcoming MP elections @iAlokAgarwal talks about the","2018-07-22 04:41:21","TRUE","187","0","1","Education","Madhya Pradesh","India",TRUE
"804","RT @DaaruBaazMehta: MUST WATCH

AAP Madhya Pradesh Convener and AAP's CM Candidate for upcoming MP elections @iAlokAgarwal talks about the","2018-07-22 04:39:54","TRUE","187","0","1","Education","Madhya Pradesh","India",TRUE
"805","RT @DaaruBaazMehta: MUST WATCH

AAP Madhya Pradesh Convener and AAP's CM Candidate for upcoming MP elections @iAlokAgarwal talks about the","2018-07-22 04:36:52","TRUE","187","0","0","Education","Madhya Pradesh","India",TRUE
"806","RT @DaaruBaazMehta: MUST WATCH

AAP Madhya Pradesh Convener and AAP's CM Candidate for upcoming MP elections @iAlokAgarwal talks about the","2018-07-22 04:35:09","TRUE","187","0","1","Education","Madhya Pradesh","India",TRUE
"807","RT @DaaruBaazMehta: MUST WATCH

AAP Madhya Pradesh Convener and AAP's CM Candidate for upcoming MP elections @iAlokAgarwal talks about the","2018-07-22 04:33:00","TRUE","187","0","1","Education","Madhya Pradesh","India",TRUE
"808","RT @DaaruBaazMehta: MUST WATCH

AAP Madhya Pradesh Convener and AAP's CM Candidate for upcoming MP elections @iAlokAgarwal talks about the","2018-07-22 04:31:56","TRUE","187","0","0","Education","Madhya Pradesh","India",TRUE
"809","RT @DaaruBaazMehta: MUST WATCH

AAP Madhya Pradesh Convener and AAP's CM Candidate for upcoming MP elections @iAlokAgarwal talks about the","2018-07-22 04:30:08","TRUE","187","0","0","Education","Madhya Pradesh","India",TRUE
"810","RT @DaaruBaazMehta: MUST WATCH

AAP Madhya Pradesh Convener and AAP's CM Candidate for upcoming MP elections @iAlokAgarwal talks about the","2018-07-22 04:26:00","TRUE","187","0","1","Education","Madhya Pradesh","India",TRUE
"811","RT @DaaruBaazMehta: MUST WATCH

AAP Madhya Pradesh Convener and AAP's CM Candidate for upcoming MP elections @iAlokAgarwal talks about the","2018-07-22 04:25:13","TRUE","187","0","0","Education","Madhya Pradesh","India",TRUE
"812","RT @INCIndia: PM Modi's habit of making tall promises to citizens is spreading across the BJP like an epidemic.   ","2018-07-22 04:22:25","TRUE","370","0","1","Education","Madhya Pradesh","India",TRUE
"813","RT @DaaruBaazMehta: MUST WATCH

AAP Madhya Pradesh Convener and AAP's CM Candidate for upcoming MP elections @iAlokAgarwal talks about the","2018-07-22 04:22:15","TRUE","187","0","0","Education","Madhya Pradesh","India",TRUE
"814","RT @DaaruBaazMehta: MUST WATCH

AAP Madhya Pradesh Convener and AAP's CM Candidate for upcoming MP elections @iAlokAgarwal talks about the","2018-07-22 04:19:30","TRUE","187","0","0","Education","Madhya Pradesh","India",TRUE
"815","RT @DaaruBaazMehta: MUST WATCH

AAP Madhya Pradesh Convener and AAP's CM Candidate for upcoming MP elections @iAlokAgarwal talks about the","2018-07-22 04:18:35","TRUE","187","0","1","Education","Madhya Pradesh","India",TRUE
"816","RT @DaaruBaazMehta: MUST WATCH

AAP Madhya Pradesh Convener and AAP's CM Candidate for upcoming MP elections @iAlokAgarwal talks about the","2018-07-22 04:15:04","TRUE","187","0","1","Education","Madhya Pradesh","India",TRUE
"817","RT @DaaruBaazMehta: MUST WATCH

AAP Madhya Pradesh Convener and AAP's CM Candidate for upcoming MP elections @iAlokAgarwal talks about the","2018-07-22 04:13:19","TRUE","187","0","1","Education","Madhya Pradesh","India",TRUE
"818","RT @DaaruBaazMehta: MUST WATCH

AAP Madhya Pradesh Convener and AAP's CM Candidate for upcoming MP elections @iAlokAgarwal talks about the","2018-07-22 04:10:09","TRUE","187","0","1","Education","Madhya Pradesh","India",TRUE
"819","RT @DaaruBaazMehta: MUST WATCH

AAP Madhya Pradesh Convener and AAP's CM Candidate for upcoming MP elections @iAlokAgarwal talks about the","2018-07-22 04:00:17","TRUE","187","0","1","Education","Madhya Pradesh","India",TRUE
"820","RT @DaaruBaazMehta: MUST WATCH

AAP Madhya Pradesh Convener and AAP's CM Candidate for upcoming MP elections @iAlokAgarwal talks about the","2018-07-22 03:50:06","TRUE","187","0","0","Education","Madhya Pradesh","India",TRUE
"821","RT @DaaruBaazMehta: MUST WATCH

AAP Madhya Pradesh Convener and AAP's CM Candidate for upcoming MP elections @iAlokAgarwal talks about the","2018-07-22 03:42:07","TRUE","187","0","0","Education","Madhya Pradesh","India",TRUE
"822","RT @DaaruBaazMehta: MUST WATCH

AAP Madhya Pradesh Convener and AAP's CM Candidate for upcoming MP elections @iAlokAgarwal talks about the","2018-07-22 03:24:26","TRUE","187","0","0","Education","Madhya Pradesh","India",TRUE
"823","RT @INCIndia: PM Modi's habit of making tall promises to citizens is spreading across the BJP like an epidemic.   ","2018-07-22 03:17:09","TRUE","370","0","0","Education","Madhya Pradesh","India",TRUE
"824","RT @INCIndia: PM Modi's habit of making tall promises to citizens is spreading across the BJP like an epidemic.   ","2018-07-22 03:16:12","TRUE","370","0","1","Education","Madhya Pradesh","India",TRUE
"825","RT @DaaruBaazMehta: MUST WATCH

AAP Madhya Pradesh Convener and AAP's CM Candidate for upcoming MP elections @iAlokAgarwal talks about the","2018-07-22 03:10:29","TRUE","187","0","0","Education","Madhya Pradesh","India",TRUE
"826","RT @DaaruBaazMehta: MUST WATCH

AAP Madhya Pradesh Convener and AAP's CM Candidate for upcoming MP elections @iAlokAgarwal talks about the","2018-07-22 03:03:58","TRUE","187","0","-2","Education","Madhya Pradesh","India",TRUE
"827","RT @DaaruBaazMehta: MUST WATCH

AAP Madhya Pradesh Convener and AAP's CM Candidate for upcoming MP elections @iAlokAgarwal talks about the","2018-07-22 03:00:10","TRUE","187","0","0","Education","Madhya Pradesh","India",TRUE
"828","RT @INCIndia: PM Modi's habit of making tall promises to citizens is spreading across the BJP like an epidemic.   ","2018-07-22 02:48:31","TRUE","370","0","0","Education","Madhya Pradesh","India",TRUE
"829","RT @INCIndia: PM Modi's habit of making tall promises to citizens is spreading across the BJP like an epidemic.   ","2018-07-22 02:35:05","TRUE","370","0","0","Education","Madhya Pradesh","India",TRUE
"830","RT @DaaruBaazMehta: MUST WATCH

AAP Madhya Pradesh Convener and AAP's CM Candidate for upcoming MP elections @iAlokAgarwal talks about the","2018-07-22 02:35:02","TRUE","187","0","0","Education","Madhya Pradesh","India",TRUE
"831","RT @INCIndia: PM Modi's habit of making tall promises to citizens is spreading across the BJP like an epidemic.   ","2018-07-22 02:33:46","TRUE","370","0","0","Education","Madhya Pradesh","India",TRUE
"832","RT @DaaruBaazMehta: MUST WATCH

AAP Madhya Pradesh Convener and AAP's CM Candidate for upcoming MP elections @iAlokAgarwal talks about the","2018-07-22 02:27:02","TRUE","187","0","-1","Education","Madhya Pradesh","India",TRUE
"833","RT @DaaruBaazMehta: MUST WATCH

AAP Madhya Pradesh Convener and AAP's CM Candidate for upcoming MP elections @iAlokAgarwal talks about the","2018-07-22 02:20:05","TRUE","187","0","0","Education","Madhya Pradesh","India",TRUE
"834","RT @DaaruBaazMehta: MUST WATCH

AAP Madhya Pradesh Convener and AAP's CM Candidate for upcoming MP elections @iAlokAgarwal talks about the","2018-07-22 02:16:12","TRUE","187","0","0","Education","Madhya Pradesh","India",TRUE
"835","RT @DaaruBaazMehta: MUST WATCH

AAP Madhya Pradesh Convener and AAP's CM Candidate for upcoming MP elections @iAlokAgarwal talks about the","2018-07-22 02:12:15","TRUE","187","0","0","Education","Madhya Pradesh","India",TRUE
"836","RT @DaaruBaazMehta: MUST WATCH

AAP Madhya Pradesh Convener and AAP's CM Candidate for upcoming MP elections @iAlokAgarwal talks about the","2018-07-22 02:04:41","TRUE","187","0","0","Education","Madhya Pradesh","India",TRUE
"837","RT @DaaruBaazMehta: MUST WATCH

AAP Madhya Pradesh Convener and AAP's CM Candidate for upcoming MP elections @iAlokAgarwal talks about the","2018-07-22 02:01:27","TRUE","187","0","0","Education","Madhya Pradesh","India",TRUE
"838","RT @DaaruBaazMehta: MUST WATCH

AAP Madhya Pradesh Convener and AAP's CM Candidate for upcoming MP elections @iAlokAgarwal talks about the","2018-07-22 01:54:34","TRUE","187","0","0","Education","Madhya Pradesh","India",TRUE
"839","RT @INCIndia: PM Modi's habit of making tall promises to citizens is spreading across the BJP like an epidemic.   ","2018-07-22 01:40:51","TRUE","370","0","0","Education","Madhya Pradesh","India",TRUE
"840","RT @DaaruBaazMehta: MUST WATCH

AAP Madhya Pradesh Convener and AAP's CM Candidate for upcoming MP elections @iAlokAgarwal talks about the","2018-07-22 01:39:32","TRUE","187","0","1","Education","Madhya Pradesh","India",TRUE
"841","RT @DaaruBaazMehta: MUST WATCH

AAP Madhya Pradesh Convener and AAP's CM Candidate for upcoming MP elections @iAlokAgarwal talks about the","2018-07-22 01:14:43","TRUE","187","0","1","Education","Madhya Pradesh","India",TRUE
"842","RT @DaaruBaazMehta: MUST WATCH

AAP Madhya Pradesh Convener and AAP's CM Candidate for upcoming MP elections @iAlokAgarwal talks about the","2018-07-22 01:11:57","TRUE","187","0","1","Education","Madhya Pradesh","India",TRUE
"843","RT @INCIndia: PM Modi's habit of making tall promises to citizens is spreading across the BJP like an epidemic.   ","2018-07-22 00:49:15","TRUE","370","0","0","Education","Madhya Pradesh","India",TRUE
"844","RT @DaaruBaazMehta: MUST WATCH

AAP Madhya Pradesh Convener and AAP's CM Candidate for upcoming MP elections @iAlokAgarwal talks about the","2018-07-22 00:34:15","TRUE","187","0","1","Education","Madhya Pradesh","India",TRUE
"845","RT @DaaruBaazMehta: MUST WATCH

AAP Madhya Pradesh Convener and AAP's CM Candidate for upcoming MP elections @iAlokAgarwal talks about the","2018-07-22 00:25:46","TRUE","187","0","0","Education","Madhya Pradesh","India",TRUE
"846","RT @DaaruBaazMehta: MUST WATCH

AAP Madhya Pradesh Convener and AAP's CM Candidate for upcoming MP elections @iAlokAgarwal talks about the","2018-07-21 23:25:17","TRUE","187","0","0","Education","Madhya Pradesh","India",TRUE
"847","RT @INCIndia: PM Modi's habit of making tall promises to citizens is spreading across the BJP like an epidemic.   ","2018-07-21 23:13:13","TRUE","370","0","0","Education","Madhya Pradesh","India",TRUE
"848","RT @DaaruBaazMehta: MUST WATCH

AAP Madhya Pradesh Convener and AAP's CM Candidate for upcoming MP elections @iAlokAgarwal talks about the","2018-07-21 23:11:40","TRUE","187","0","0","Education","Madhya Pradesh","India",TRUE
"849","RT @INCIndia: PM Modi's habit of making tall promises to citizens is spreading across the BJP like an epidemic.   ","2018-07-21 23:04:59","TRUE","370","0","0","Education","Madhya Pradesh","India",TRUE
"850","RT @DaaruBaazMehta: MUST WATCH

AAP Madhya Pradesh Convener and AAP's CM Candidate for upcoming MP elections @iAlokAgarwal talks about the","2018-07-21 22:57:25","TRUE","187","0","0","Education","Madhya Pradesh","India",TRUE
"851","RT @INCIndia: PM Modi's habit of making tall promises to citizens is spreading across the BJP like an epidemic.   ","2018-07-21 22:49:29","TRUE","370","0","0","Education","Madhya Pradesh","India",TRUE
"852","RT @DaaruBaazMehta: MUST WATCH

AAP Madhya Pradesh Convener and AAP's CM Candidate for upcoming MP elections @iAlokAgarwal talks about the","2018-07-21 22:40:47","TRUE","187","0","0","Education","Madhya Pradesh","India",TRUE
"853","RT @DaaruBaazMehta: MUST WATCH

AAP Madhya Pradesh Convener and AAP's CM Candidate for upcoming MP elections @iAlokAgarwal talks about the","2018-07-21 22:22:09","TRUE","187","0","0","Education","Madhya Pradesh","India",TRUE
"854","RT @DaaruBaazMehta: MUST WATCH

AAP Madhya Pradesh Convener and AAP's CM Candidate for upcoming MP elections @iAlokAgarwal talks about the","2018-07-21 22:19:10","TRUE","187","0","0","Education","Madhya Pradesh","India",TRUE
"855","RT @INCIndia: PM Modi's habit of making tall promises to citizens is spreading across the BJP like an epidemic.   ","2018-07-21 22:18:09","TRUE","370","0","0","Education","Madhya Pradesh","India",TRUE
"856","RT @DaaruBaazMehta: MUST WATCH

AAP Madhya Pradesh Convener and AAP's CM Candidate for upcoming MP elections @iAlokAgarwal talks about the","2018-07-21 22:18:05","TRUE","187","0","0","Education","Madhya Pradesh","India",TRUE
"857","RT @INCIndia: PM Modi's habit of making tall promises to citizens is spreading across the BJP like an epidemic.   ","2018-07-21 22:02:47","TRUE","370","0","-2","Education","Madhya Pradesh","India",TRUE
"858","RT @DaaruBaazMehta: MUST WATCH

AAP Madhya Pradesh Convener and AAP's CM Candidate for upcoming MP elections @iAlokAgarwal talks about the","2018-07-21 21:23:27","TRUE","187","0","2","Education","Madhya Pradesh","India",TRUE
"859","RT @DaaruBaazMehta: MUST WATCH

AAP Madhya Pradesh Convener and AAP's CM Candidate for upcoming MP elections @iAlokAgarwal talks about the","2018-07-21 21:19:05","TRUE","187","0","0","Education","Madhya Pradesh","India",TRUE
"860","RT @INCIndia: PM Modi's habit of making tall promises to citizens is spreading across the BJP like an epidemic.   ","2018-07-21 20:44:15","TRUE","370","0","0","Education","Madhya Pradesh","India",TRUE
"861","RT @INCIndia: PM Modi's habit of making tall promises to citizens is spreading across the BJP like an epidemic.   ","2018-07-21 20:28:11","TRUE","370","0","1","Education","Madhya Pradesh","India",TRUE
"862","RT @DaaruBaazMehta: MUST WATCH

AAP Madhya Pradesh Convener and AAP's CM Candidate for upcoming MP elections @iAlokAgarwal talks about the","2018-07-21 20:12:20","TRUE","187","0","0","Education","Madhya Pradesh","India",TRUE
"863","RT @DaaruBaazMehta: MUST WATCH

AAP Madhya Pradesh Convener and AAP's CM Candidate for upcoming MP elections @iAlokAgarwal talks about the","2018-07-21 19:58:22","TRUE","187","0","1","Education","Madhya Pradesh","India",TRUE
"864","RT @INCIndia: PM Modi's habit of making tall promises to citizens is spreading across the BJP like an epidemic.   ","2018-07-21 19:57:05","TRUE","370","0","0","Education","Madhya Pradesh","India",TRUE
"865","RT @INCIndia: PM Modi's habit of making tall promises to citizens is spreading across the BJP like an epidemic.   ","2018-07-21 19:50:38","TRUE","370","0","0","Education","Madhya Pradesh","India",TRUE
"866","RT @DaaruBaazMehta: MUST WATCH

AAP Madhya Pradesh Convener and AAP's CM Candidate for upcoming MP elections @iAlokAgarwal talks about the","2018-07-21 19:10:30","TRUE","187","0","0","Education","Madhya Pradesh","India",TRUE
"867","RT @DaaruBaazMehta: MUST WATCH

AAP Madhya Pradesh Convener and AAP's CM Candidate for upcoming MP elections @iAlokAgarwal talks about the","2018-07-21 19:07:24","TRUE","187","0","0","Education","Madhya Pradesh","India",TRUE
"868","RT @INCIndia: PM Modi's habit of making tall promises to citizens is spreading across the BJP like an epidemic.   ","2018-07-21 18:54:51","TRUE","370","0","0","Education","Madhya Pradesh","India",TRUE
"869","RT @DaaruBaazMehta: MUST WATCH

AAP Madhya Pradesh Convener and AAP's CM Candidate for upcoming MP elections @iAlokAgarwal talks about the","2018-07-21 18:54:45","TRUE","187","0","0","Education","Madhya Pradesh","India",TRUE
"870","RT @INCIndia: PM Modi's habit of making tall promises to citizens is spreading across the BJP like an epidemic.   ","2018-07-21 18:53:35","TRUE","370","0","0","Education","Madhya Pradesh","India",TRUE
"871","RT @INCIndia: PM Modi's habit of making tall promises to citizens is spreading across the BJP like an epidemic.   ","2018-07-21 18:52:49","TRUE","370","0","0","Education","Madhya Pradesh","India",TRUE
"872","RT @DaaruBaazMehta: MUST WATCH

AAP Madhya Pradesh Convener and AAP's CM Candidate for upcoming MP elections @iAlokAgarwal talks about the","2018-07-21 18:50:16","TRUE","187","0","1","Education","Madhya Pradesh","India",TRUE
"873","RT @DaaruBaazMehta: MUST WATCH

AAP Madhya Pradesh Convener and AAP's CM Candidate for upcoming MP elections @iAlokAgarwal talks about the","2018-07-21 18:49:32","TRUE","187","0","0","Education","Madhya Pradesh","India",TRUE
"874","RT @DaaruBaazMehta: MUST WATCH

AAP Madhya Pradesh Convener and AAP's CM Candidate for upcoming MP elections @iAlokAgarwal talks about the","2018-07-21 18:48:29","TRUE","187","0","0","Education","Madhya Pradesh","India",TRUE
"875","RT @DaaruBaazMehta: MUST WATCH

AAP Madhya Pradesh Convener and AAP's CM Candidate for upcoming MP elections @iAlokAgarwal talks about the","2018-07-21 18:46:13","TRUE","187","0","1","Education","Madhya Pradesh","India",TRUE
"876","RT @DaaruBaazMehta: MUST WATCH

AAP Madhya Pradesh Convener and AAP's CM Candidate for upcoming MP elections @iAlokAgarwal talks about the","2018-07-21 18:43:49","TRUE","187","0","0","Education","Madhya Pradesh","India",TRUE
"877","RT @INCIndia: PM Modi's habit of making tall promises to citizens is spreading across the BJP like an epidemic.   ","2018-07-21 18:41:47","TRUE","370","0","1","Education","Madhya Pradesh","India",TRUE
"878","RT @INCIndia: PM Modi's habit of making tall promises to citizens is spreading across the BJP like an epidemic.   ","2018-07-21 18:41:09","TRUE","370","0","1","Education","Madhya Pradesh","India",TRUE
"879","RT @INCIndia: PM Modi's habit of making tall promises to citizens is spreading across the BJP like an epidemic.   ","2018-07-21 18:39:36","TRUE","370","0","0","Education","Madhya Pradesh","India",TRUE
"880","RT @DaaruBaazMehta: MUST WATCH

AAP Madhya Pradesh Convener and AAP's CM Candidate for upcoming MP elections @iAlokAgarwal talks about the","2018-07-21 18:29:10","TRUE","187","0","1","Education","Madhya Pradesh","India",TRUE
"881","RT @INCIndia: PM Modi's habit of making tall promises to citizens is spreading across the BJP like an epidemic.   ","2018-07-21 18:25:51","TRUE","370","0","0","Education","Madhya Pradesh","India",TRUE
"882","RT @DaaruBaazMehta: MUST WATCH

AAP Madhya Pradesh Convener and AAP's CM Candidate for upcoming MP elections @iAlokAgarwal talks about the","2018-07-21 18:25:30","TRUE","187","0","0","Education","Madhya Pradesh","India",TRUE
"883","RT @DaaruBaazMehta: MUST WATCH

AAP Madhya Pradesh Convener and AAP's CM Candidate for upcoming MP elections @iAlokAgarwal talks about the","2018-07-21 18:19:58","TRUE","187","0","0","Education","Madhya Pradesh","India",TRUE
"884","RT @DaaruBaazMehta: MUST WATCH

AAP Madhya Pradesh Convener and AAP's CM Candidate for upcoming MP elections @iAlokAgarwal talks about the","2018-07-21 18:19:18","TRUE","187","0","0","Education","Madhya Pradesh","India",TRUE
"885","RT @DaaruBaazMehta: MUST WATCH

AAP Madhya Pradesh Convener and AAP's CM Candidate for upcoming MP elections @iAlokAgarwal talks about the","2018-07-21 18:17:20","TRUE","187","0","0","Education","Madhya Pradesh","India",TRUE
"886","RT @DaaruBaazMehta: MUST WATCH

AAP Madhya Pradesh Convener and AAP's CM Candidate for upcoming MP elections @iAlokAgarwal talks about the","2018-07-21 18:15:55","TRUE","187","0","0","Education","Madhya Pradesh","India",TRUE
"887","RT @DaaruBaazMehta: MUST WATCH

AAP Madhya Pradesh Convener and AAP's CM Candidate for upcoming MP elections @iAlokAgarwal talks about the","2018-07-21 18:13:51","TRUE","187","0","0","Education","Madhya Pradesh","India",TRUE
"888","RT @DaaruBaazMehta: MUST WATCH

AAP Madhya Pradesh Convener and AAP's CM Candidate for upcoming MP elections @iAlokAgarwal talks about the","2018-07-21 18:11:10","TRUE","187","0","0","Education","Madhya Pradesh","India",TRUE
"889","RT @INCIndia: PM Modi's habit of making tall promises to citizens is spreading across the BJP like an epidemic.   ","2018-07-21 18:09:01","TRUE","370","0","0","Education","Madhya Pradesh","India",TRUE
"890","RT @DaaruBaazMehta: MUST WATCH

AAP Madhya Pradesh Convener and AAP's CM Candidate for upcoming MP elections @iAlokAgarwal talks about the","2018-07-21 18:07:45","TRUE","187","0","1","Education","Madhya Pradesh","India",TRUE
"891","RT @DaaruBaazMehta: MUST WATCH

AAP Madhya Pradesh Convener and AAP's CM Candidate for upcoming MP elections @iAlokAgarwal talks about the","2018-07-21 18:07:41","TRUE","187","0","-2","Education","Madhya Pradesh","India",TRUE
"892","RT @INCIndia: PM Modi's habit of making tall promises to citizens is spreading across the BJP like an epidemic.   ","2018-07-21 18:05:32","TRUE","370","0","0","Education","Madhya Pradesh","India",TRUE
"893","RT @DaaruBaazMehta: MUST WATCH

AAP Madhya Pradesh Convener and AAP's CM Candidate for upcoming MP elections @iAlokAgarwal talks about the","2018-07-21 18:04:15","TRUE","187","0","0","Education","Madhya Pradesh","India",TRUE
"894","RT @TheQuint: While MP CM Shivraj Singh Chouhan has promised 1 lakh jobs, Aastha (name changed) who is waiting for joining since 2015 is fa","2018-07-21 17:58:33","TRUE","5","0","0","Education","Madhya Pradesh","India",FALSE
"895","RT @INCIndia: PM Modi's habit of making tall promises to citizens is spreading across the BJP like an epidemic.   ","2018-07-21 17:57:54","TRUE","370","0","-1","Education","Madhya Pradesh","India",TRUE
"896","RT @INCIndia: PM Modi's habit of making tall promises to citizens is spreading across the BJP like an epidemic.   ","2018-07-21 17:57:14","TRUE","370","0","0","Education","Madhya Pradesh","India",TRUE
"897","RT @DaaruBaazMehta: MUST WATCH

AAP Madhya Pradesh Convener and AAP's CM Candidate for upcoming MP elections @iAlokAgarwal talks about the","2018-07-21 17:57:05","TRUE","187","0","0","Education","Madhya Pradesh","India",TRUE
"898","RT @INCIndia: PM Modi's habit of making tall promises to citizens is spreading across the BJP like an epidemic.   ","2018-07-21 17:53:49","TRUE","370","0","-1","Education","Madhya Pradesh","India",TRUE
"899","RT @DaaruBaazMehta: MUST WATCH

AAP Madhya Pradesh Convener and AAP's CM Candidate for upcoming MP elections @iAlokAgarwal talks about the","2018-07-21 17:53:45","TRUE","187","0","-1","Education","Madhya Pradesh","India",TRUE
"900","RT @DaaruBaazMehta: MUST WATCH

AAP Madhya Pradesh Convener and AAP's CM Candidate for upcoming MP elections @iAlokAgarwal talks about the","2018-07-21 17:49:22","TRUE","187","0","0","Education","Madhya Pradesh","India",TRUE
"901","RT @DaaruBaazMehta: MUST WATCH

AAP Madhya Pradesh Convener and AAP's CM Candidate for upcoming MP elections @iAlokAgarwal talks about the","2018-07-21 17:48:09","TRUE","187","0","1","Education","Madhya Pradesh","India",TRUE
"902","RT @DaaruBaazMehta: MUST WATCH

AAP Madhya Pradesh Convener and AAP's CM Candidate for upcoming MP elections @iAlokAgarwal talks about the","2018-07-21 17:46:34","TRUE","187","0","1","Education","Madhya Pradesh","India",TRUE
"903","RT @INCIndia: PM Modi's habit of making tall promises to citizens is spreading across the BJP like an epidemic.   ","2018-07-21 17:45:25","TRUE","370","0","1","Education","Madhya Pradesh","India",TRUE
"904","RT @DaaruBaazMehta: MUST WATCH

AAP Madhya Pradesh Convener and AAP's CM Candidate for upcoming MP elections @iAlokAgarwal talks about the","2018-07-21 17:43:28","TRUE","187","0","0","Education","Madhya Pradesh","India",TRUE
"905","RT @INCIndia: PM Modi's habit of making tall promises to citizens is spreading across the BJP like an epidemic.   ","2018-07-21 17:40:56","TRUE","370","0","0","Education","Madhya Pradesh","India",TRUE
"906","RT @DaaruBaazMehta: MUST WATCH

AAP Madhya Pradesh Convener and AAP's CM Candidate for upcoming MP elections @iAlokAgarwal talks about the","2018-07-21 17:39:34","TRUE","187","0","0","Education","Madhya Pradesh","India",TRUE
"907","RT @DaaruBaazMehta: MUST WATCH

AAP Madhya Pradesh Convener and AAP's CM Candidate for upcoming MP elections @iAlokAgarwal talks about the","2018-07-21 17:39:22","TRUE","187","0","0","Education","Madhya Pradesh","India",TRUE
"908","RT @INCIndia: PM Modi's habit of making tall promises to citizens is spreading across the BJP like an epidemic.   ","2018-07-21 17:38:00","TRUE","370","0","1","Education","Madhya Pradesh","India",TRUE
"909","RT @DaaruBaazMehta: MUST WATCH

AAP Madhya Pradesh Convener and AAP's CM Candidate for upcoming MP elections @iAlokAgarwal talks about the","2018-07-21 17:37:31","TRUE","187","0","1","Education","Madhya Pradesh","India",TRUE
"910","RT @DaaruBaazMehta: MUST WATCH

AAP Madhya Pradesh Convener and AAP's CM Candidate for upcoming MP elections @iAlokAgarwal talks about the","2018-07-21 17:37:24","TRUE","187","0","0","Education","Madhya Pradesh","India",TRUE
"911","RT @DaaruBaazMehta: MUST WATCH

AAP Madhya Pradesh Convener and AAP's CM Candidate for upcoming MP elections @iAlokAgarwal talks about the","2018-07-21 17:36:39","TRUE","187","0","0","Education","Madhya Pradesh","India",TRUE
"912","RT @DaaruBaazMehta: MUST WATCH

AAP Madhya Pradesh Convener and AAP's CM Candidate for upcoming MP elections @iAlokAgarwal talks about the","2018-07-21 17:36:26","TRUE","187","0","0","Education","Madhya Pradesh","India",TRUE
"913","RT @DaaruBaazMehta: MUST WATCH

AAP Madhya Pradesh Convener and AAP's CM Candidate for upcoming MP elections @iAlokAgarwal talks about the","2018-07-21 17:36:11","TRUE","187","0","0","Education","Madhya Pradesh","India",TRUE
"914","RT @DaaruBaazMehta: MUST WATCH

AAP Madhya Pradesh Convener and AAP's CM Candidate for upcoming MP elections @iAlokAgarwal talks about the","2018-07-21 17:32:22","TRUE","187","0","-2","Education","Madhya Pradesh","India",TRUE
"915","RT @INCIndia: PM Modi's habit of making tall promises to citizens is spreading across the BJP like an epidemic.   ","2018-07-21 17:31:08","TRUE","370","0","0","Education","Madhya Pradesh","India",TRUE
"916","RT @INCIndia: PM Modi's habit of making tall promises to citizens is spreading across the BJP like an epidemic.   ","2018-07-21 17:30:45","TRUE","370","0","1","Education","Madhya Pradesh","India",TRUE
"917","RT @DaaruBaazMehta: MUST WATCH

AAP Madhya Pradesh Convener and AAP's CM Candidate for upcoming MP elections @iAlokAgarwal talks about the","2018-07-21 17:28:20","TRUE","187","0","0","Education","Madhya Pradesh","India",TRUE
"918","RT @DaaruBaazMehta: MUST WATCH

AAP Madhya Pradesh Convener and AAP's CM Candidate for upcoming MP elections @iAlokAgarwal talks about the","2018-07-21 17:26:24","TRUE","187","0","0","Education","Madhya Pradesh","India",TRUE
"919","RT @DaaruBaazMehta: MUST WATCH

AAP Madhya Pradesh Convener and AAP's CM Candidate for upcoming MP elections @iAlokAgarwal talks about the","2018-07-21 17:24:18","TRUE","187","0","-1","Education","Madhya Pradesh","India",TRUE
"920","RT @DaaruBaazMehta: MUST WATCH

AAP Madhya Pradesh Convener and AAP's CM Candidate for upcoming MP elections @iAlokAgarwal talks about the","2018-07-21 17:23:13","TRUE","187","0","-2","Education","Madhya Pradesh","India",TRUE
"921","RT @TheQuint: Promise of one lakh jobs by Madhya Pradesh CM isn't enough for those who are waiting for formal joining in respective departm","2018-07-21 17:23:13","TRUE","5","0","1","Education","Madhya Pradesh","India",FALSE
"922","RT @DaaruBaazMehta: MUST WATCH

AAP Madhya Pradesh Convener and AAP's CM Candidate for upcoming MP elections @iAlokAgarwal talks about the","2018-07-21 17:21:46","TRUE","187","0","0","Education","Madhya Pradesh","India",TRUE
"923","RT @DaaruBaazMehta: MUST WATCH

AAP Madhya Pradesh Convener and AAP's CM Candidate for upcoming MP elections @iAlokAgarwal talks about the","2018-07-21 17:20:03","TRUE","187","0","1","Education","Madhya Pradesh","India",TRUE
"924","RT @DaaruBaazMehta: MUST WATCH

AAP Madhya Pradesh Convener and AAP's CM Candidate for upcoming MP elections @iAlokAgarwal talks about the","2018-07-21 17:19:11","TRUE","187","0","1","Education","Madhya Pradesh","India",TRUE
"925","RT @DaaruBaazMehta: MUST WATCH

AAP Madhya Pradesh Convener and AAP's CM Candidate for upcoming MP elections @iAlokAgarwal talks about the","2018-07-21 17:18:34","TRUE","187","0","0","Education","Madhya Pradesh","India",TRUE
"926","RT @INCIndia: PM Modi's habit of making tall promises to citizens is spreading across the BJP like an epidemic.   ","2018-07-21 17:17:17","TRUE","370","0","0","Education","Madhya Pradesh","India",TRUE
"927","RT @DaaruBaazMehta: MUST WATCH

AAP Madhya Pradesh Convener and AAP's CM Candidate for upcoming MP elections @iAlokAgarwal talks about the","2018-07-21 17:16:49","TRUE","187","0","0","Education","Madhya Pradesh","India",TRUE
"928","RT @DaaruBaazMehta: MUST WATCH

AAP Madhya Pradesh Convener and AAP's CM Candidate for upcoming MP elections @iAlokAgarwal talks about the","2018-07-21 17:16:26","TRUE","187","0","0","Education","Madhya Pradesh","India",TRUE
"929","RT @DaaruBaazMehta: MUST WATCH

AAP Madhya Pradesh Convener and AAP's CM Candidate for upcoming MP elections @iAlokAgarwal talks about the","2018-07-21 17:15:24","TRUE","187","0","0","Education","Madhya Pradesh","India",TRUE
"930","RT @DaaruBaazMehta: MUST WATCH

AAP Madhya Pradesh Convener and AAP's CM Candidate for upcoming MP elections @iAlokAgarwal talks about the","2018-07-21 17:14:57","TRUE","187","0","0","Education","Madhya Pradesh","India",TRUE
"931","RT @DaaruBaazMehta: MUST WATCH

AAP Madhya Pradesh Convener and AAP's CM Candidate for upcoming MP elections @iAlokAgarwal talks about the","2018-07-21 17:14:54","TRUE","187","0","0","Education","Madhya Pradesh","India",TRUE
"932","RT @INCIndia: PM Modi's habit of making tall promises to citizens is spreading across the BJP like an epidemic.   ","2018-07-21 17:14:02","TRUE","370","0","0","Education","Madhya Pradesh","India",TRUE
"933","RT @DaaruBaazMehta: MUST WATCH

AAP Madhya Pradesh Convener and AAP's CM Candidate for upcoming MP elections @iAlokAgarwal talks about the","2018-07-21 17:13:51","TRUE","187","0","1","Education","Madhya Pradesh","India",TRUE
"934","RT @DaaruBaazMehta: MUST WATCH

AAP Madhya Pradesh Convener and AAP's CM Candidate for upcoming MP elections @iAlokAgarwal talks about the","2018-07-21 17:13:28","TRUE","187","0","0","Education","Madhya Pradesh","India",TRUE
"935","RT @DaaruBaazMehta: MUST WATCH

AAP Madhya Pradesh Convener and AAP's CM Candidate for upcoming MP elections @iAlokAgarwal talks about the","2018-07-21 17:13:28","TRUE","187","0","0","Education","Madhya Pradesh","India",TRUE
"936","RT @DaaruBaazMehta: MUST WATCH

AAP Madhya Pradesh Convener and AAP's CM Candidate for upcoming MP elections @iAlokAgarwal talks about the","2018-07-21 17:13:18","TRUE","187","0","0","Education","Madhya Pradesh","India",TRUE
"937","RT @DaaruBaazMehta: MUST WATCH

AAP Madhya Pradesh Convener and AAP's CM Candidate for upcoming MP elections @iAlokAgarwal talks about the","2018-07-21 17:11:49","TRUE","187","0","2","Education","Madhya Pradesh","India",TRUE
"938","RT @DaaruBaazMehta: MUST WATCH

AAP Madhya Pradesh Convener and AAP's CM Candidate for upcoming MP elections @iAlokAgarwal talks about the","2018-07-21 17:11:46","TRUE","187","0","0","Education","Madhya Pradesh","India",TRUE
"939","RT @DaaruBaazMehta: MUST WATCH

AAP Madhya Pradesh Convener and AAP's CM Candidate for upcoming MP elections @iAlokAgarwal talks about the","2018-07-21 17:10:06","TRUE","187","0","-1","Education","Madhya Pradesh","India",TRUE
"940","RT @INCIndia: PM Modi's habit of making tall promises to citizens is spreading across the BJP like an epidemic.   ","2018-07-21 17:08:52","TRUE","370","0","0","Education","Madhya Pradesh","India",TRUE
"941","RT @DaaruBaazMehta: MUST WATCH

AAP Madhya Pradesh Convener and AAP's CM Candidate for upcoming MP elections @iAlokAgarwal talks about the","2018-07-21 17:08:43","TRUE","187","0","0","Education","Madhya Pradesh","India",TRUE
"942","RT @DaaruBaazMehta: MUST WATCH

AAP Madhya Pradesh Convener and AAP's CM Candidate for upcoming MP elections @iAlokAgarwal talks about the","2018-07-21 17:08:35","TRUE","187","0","1","Education","Madhya Pradesh","India",TRUE
"943","RT @DaaruBaazMehta: MUST WATCH

AAP Madhya Pradesh Convener and AAP's CM Candidate for upcoming MP elections @iAlokAgarwal talks about the","2018-07-21 17:08:16","TRUE","187","0","1","Education","Madhya Pradesh","India",TRUE
"944","RT @DaaruBaazMehta: MUST WATCH

AAP Madhya Pradesh Convener and AAP's CM Candidate for upcoming MP elections @iAlokAgarwal talks about the","2018-07-21 17:07:43","TRUE","187","0","0","Education","Madhya Pradesh","India",TRUE
"945","RT @DaaruBaazMehta: MUST WATCH

AAP Madhya Pradesh Convener and AAP's CM Candidate for upcoming MP elections @iAlokAgarwal talks about the","2018-07-21 17:06:45","TRUE","187","0","0","Education","Madhya Pradesh","India",TRUE
"946","RT @DaaruBaazMehta: MUST WATCH

AAP Madhya Pradesh Convener and AAP's CM Candidate for upcoming MP elections @iAlokAgarwal talks about the","2018-07-21 17:05:41","TRUE","187","0","0","Education","Madhya Pradesh","India",TRUE
"947","RT @DaaruBaazMehta: MUST WATCH

AAP Madhya Pradesh Convener and AAP's CM Candidate for upcoming MP elections @iAlokAgarwal talks about the","2018-07-21 17:04:58","TRUE","187","0","0","Education","Madhya Pradesh","India",TRUE
"948","RT @DaaruBaazMehta: MUST WATCH

AAP Madhya Pradesh Convener and AAP's CM Candidate for upcoming MP elections @iAlokAgarwal talks about the","2018-07-21 17:04:55","TRUE","187","0","1","Education","Madhya Pradesh","India",TRUE
"949","RT @DaaruBaazMehta: MUST WATCH

AAP Madhya Pradesh Convener and AAP's CM Candidate for upcoming MP elections @iAlokAgarwal talks about the","2018-07-21 17:04:46","TRUE","187","0","0","Education","Madhya Pradesh","India",TRUE
"950","RT @DaaruBaazMehta: MUST WATCH

AAP Madhya Pradesh Convener and AAP's CM Candidate for upcoming MP elections @iAlokAgarwal talks about the","2018-07-21 17:04:30","TRUE","187","0","0","Education","Madhya Pradesh","India",TRUE
"951","RT @INCIndia: PM Modi's habit of making tall promises to citizens is spreading across the BJP like an epidemic.   ","2018-07-21 17:04:03","TRUE","370","0","1","Education","Madhya Pradesh","India",TRUE
"952","RT @DaaruBaazMehta: MUST WATCH

AAP Madhya Pradesh Convener and AAP's CM Candidate for upcoming MP elections @iAlokAgarwal talks about the","2018-07-21 17:04:02","TRUE","187","0","0","Education","Madhya Pradesh","India",TRUE
"953","RT @DaaruBaazMehta: MUST WATCH

AAP Madhya Pradesh Convener and AAP's CM Candidate for upcoming MP elections @iAlokAgarwal talks about the","2018-07-21 17:03:54","TRUE","187","0","0","Education","Madhya Pradesh","India",TRUE
"954","RT @DaaruBaazMehta: MUST WATCH

AAP Madhya Pradesh Convener and AAP's CM Candidate for upcoming MP elections @iAlokAgarwal talks about the","2018-07-21 17:03:31","TRUE","187","0","1","Education","Madhya Pradesh","India",TRUE
"955","RT @DaaruBaazMehta: MUST WATCH

AAP Madhya Pradesh Convener and AAP's CM Candidate for upcoming MP elections @iAlokAgarwal talks about the","2018-07-21 17:03:11","TRUE","187","0","1","Education","Madhya Pradesh","India",TRUE
"956","RT @DaaruBaazMehta: MUST WATCH

AAP Madhya Pradesh Convener and AAP's CM Candidate for upcoming MP elections @iAlokAgarwal talks about the","2018-07-21 17:03:07","TRUE","187","0","0","Education","Madhya Pradesh","India",TRUE
"957","RT @DaaruBaazMehta: MUST WATCH

AAP Madhya Pradesh Convener and AAP's CM Candidate for upcoming MP elections @iAlokAgarwal talks about the","2018-07-21 17:02:55","TRUE","187","0","0","Education","Madhya Pradesh","India",TRUE
"958","RT @DaaruBaazMehta: MUST WATCH

AAP Madhya Pradesh Convener and AAP's CM Candidate for upcoming MP elections @iAlokAgarwal talks about the","2018-07-21 17:02:40","TRUE","187","0","0","Education","Madhya Pradesh","India",TRUE
"959","RT @DaaruBaazMehta: MUST WATCH

AAP Madhya Pradesh Convener and AAP's CM Candidate for upcoming MP elections @iAlokAgarwal talks about the","2018-07-21 17:02:26","TRUE","187","0","0","Education","Madhya Pradesh","India",TRUE
"960","RT @INCIndia: PM Modi's habit of making tall promises to citizens is spreading across the BJP like an epidemic.   ","2018-07-21 17:02:15","TRUE","370","0","1","Education","Madhya Pradesh","India",TRUE
"961","RT @INCIndia: PM Modi's habit of making tall promises to citizens is spreading across the BJP like an epidemic.   ","2018-07-21 17:02:07","TRUE","370","0","0","Education","Madhya Pradesh","India",TRUE
"962","RT @DaaruBaazMehta: MUST WATCH

AAP Madhya Pradesh Convener and AAP's CM Candidate for upcoming MP elections @iAlokAgarwal talks about the","2018-07-21 17:01:45","TRUE","187","0","0","Education","Madhya Pradesh","India",TRUE
"963","MUST WATCH

AAP Madhya Pradesh Convener and AAP's CM Candidate for upcoming MP elections @iAlokAgarwal talks about  ","2018-07-21 17:01:26","FALSE","187","283","-2","Education","Madhya Pradesh","India",FALSE
"964","RT @INCIndia: PM Modi's habit of making tall promises to citizens is spreading across the BJP like an epidemic.   ","2018-07-21 17:00:17","TRUE","370","0","0","Education","Madhya Pradesh","India",TRUE
"965","RT @INCIndia: PM Modi's habit of making tall promises to citizens is spreading across the BJP like an epidemic.   ","2018-07-21 16:53:32","TRUE","370","0","2","Education","Madhya Pradesh","India",TRUE
"966","RT @INCIndia: PM Modi's habit of making tall promises to citizens is spreading across the BJP like an epidemic.   ","2018-07-21 16:51:16","TRUE","370","0","1","Education","Madhya Pradesh","India",TRUE
"967","RT @INCIndia: PM Modi's habit of making tall promises to citizens is spreading across the BJP like an epidemic.   ","2018-07-21 16:49:41","TRUE","370","0","0","Education","Madhya Pradesh","India",TRUE
"968","RT @INCIndia: PM Modi's habit of making tall promises to citizens is spreading across the BJP like an epidemic.   ","2018-07-21 16:43:11","TRUE","370","0","0","Education","Madhya Pradesh","India",TRUE
"969","RT @INCIndia: PM Modi's habit of making tall promises to citizens is spreading across the BJP like an epidemic.   ","2018-07-21 16:38:45","TRUE","370","0","0","Education","Madhya Pradesh","India",TRUE
"970","RT @INCIndia: PM Modi's habit of making tall promises to citizens is spreading across the BJP like an epidemic.   ","2018-07-21 16:33:37","TRUE","370","0","2","Education","Madhya Pradesh","India",TRUE
"971","RT @INCIndia: PM Modi's habit of making tall promises to citizens is spreading across the BJP like an epidemic.   ","2018-07-21 16:31:33","TRUE","370","0","-1","Education","Madhya Pradesh","India",TRUE
"972","RT @INCIndia: PM Modi's habit of making tall promises to citizens is spreading across the BJP like an epidemic.   ","2018-07-21 16:29:08","TRUE","370","0","0","Education","Madhya Pradesh","India",TRUE
"973","RT @INCIndia: PM Modi's habit of making tall promises to citizens is spreading across the BJP like an epidemic.   ","2018-07-21 16:27:23","TRUE","370","0","0","Education","Madhya Pradesh","India",TRUE
"974","RT @INCIndia: PM Modi's habit of making tall promises to citizens is spreading across the BJP like an epidemic.   ","2018-07-21 16:27:17","TRUE","370","0","0","Education","Madhya Pradesh","India",TRUE
"975","RT @INCIndia: PM Modi's habit of making tall promises to citizens is spreading across the BJP like an epidemic.   ","2018-07-21 16:27:09","TRUE","370","0","1","Education","Madhya Pradesh","India",TRUE
"976","Promise of 1 Lakh Jobs: Why Shivrajs Plan Isnt Convincing  ","2018-07-21 16:26:29","FALSE","0","0","0","Education","Madhya Pradesh","India",TRUE
"977","RT @INCIndia: PM Modi's habit of making tall promises to citizens is spreading across the BJP like an epidemic.   ","2018-07-21 16:20:00","TRUE","370","0","0","Education","Madhya Pradesh","India",TRUE
"978","RT @INCIndia: PM Modi's habit of making tall promises to citizens is spreading across the BJP like an epidemic.   ","2018-07-21 16:19:51","TRUE","370","0","1","Education","Madhya Pradesh","India",TRUE
"979","RT @INCIndia: PM Modi's habit of making tall promises to citizens is spreading across the BJP like an epidemic.   ","2018-07-21 16:19:25","TRUE","370","0","0","Education","Madhya Pradesh","India",TRUE
"980","RT @INCIndia: PM Modi's habit of making tall promises to citizens is spreading across the BJP like an epidemic.   ","2018-07-21 16:15:35","TRUE","370","0","0","Education","Madhya Pradesh","India",TRUE
"981","RT @INCIndia: PM Modi's habit of making tall promises to citizens is spreading across the BJP like an epidemic.   ","2018-07-21 16:13:45","TRUE","370","0","1","Education","Madhya Pradesh","India",TRUE
"982","RT @INCIndia: PM Modi's habit of making tall promises to citizens is spreading across the BJP like an epidemic.   ","2018-07-21 16:13:05","TRUE","370","0","0","Education","Madhya Pradesh","India",TRUE
"983","RT @INCIndia: PM Modi's habit of making tall promises to citizens is spreading across the BJP like an epidemic.   ","2018-07-21 16:10:35","TRUE","370","0","0","Education","Madhya Pradesh","India",TRUE
"984","RT @INCIndia: PM Modi's habit of making tall promises to citizens is spreading across the BJP like an epidemic.   ","2018-07-21 16:10:06","TRUE","370","0","0","Education","Madhya Pradesh","India",TRUE
"985","RT @INCIndia: PM Modi's habit of making tall promises to citizens is spreading across the BJP like an epidemic.   ","2018-07-21 16:02:22","TRUE","370","0","0","Education","Madhya Pradesh","India",TRUE
"986","RT @INCIndia: PM Modi's habit of making tall promises to citizens is spreading across the BJP like an epidemic.   ","2018-07-21 15:58:44","TRUE","370","0","0","Education","Madhya Pradesh","India",TRUE
"987","RT @INCIndia: PM Modi's habit of making tall promises to citizens is spreading across the BJP like an epidemic.   ","2018-07-21 15:57:58","TRUE","370","0","0","Education","Madhya Pradesh","India",TRUE
"988","RT @INCIndia: PM Modi's habit of making tall promises to citizens is spreading across the BJP like an epidemic.   ","2018-07-21 15:52:45","TRUE","370","0","0","Education","Madhya Pradesh","India",TRUE
"989","RT @TheQuint: While MP CM Shivraj Singh Chouhan has promised 1 lakh jobs, Aastha (name changed) who is waiting for joining since 2015 is fa","2018-07-21 15:50:55","TRUE","5","0","0","Education","Madhya Pradesh","India",TRUE
"990","RT @INCIndia: PM Modi's habit of making tall promises to citizens is spreading across the BJP like an epidemic.   ","2018-07-21 15:50:04","TRUE","370","0","1","Education","Madhya Pradesh","India",TRUE
"991","RT @INCIndia: PM Modi's habit of making tall promises to citizens is spreading across the BJP like an epidemic.   ","2018-07-21 15:50:02","TRUE","370","0","0","Education","Madhya Pradesh","India",TRUE
"992","RT @TheQuint: While MP CM Shivraj Singh Chouhan has promised 1 lakh jobs, Aastha (name changed) who is waiting for joining since 2015 is fa","2018-07-21 15:48:26","TRUE","5","0","0","Education","Madhya Pradesh","India",TRUE
"993","RT @INCIndia: PM Modi's habit of making tall promises to citizens is spreading across the BJP like an epidemic.   ","2018-07-21 15:44:28","TRUE","370","0","0","Education","Madhya Pradesh","India",TRUE
"994","RT @INCIndia: PM Modi's habit of making tall promises to citizens is spreading across the BJP like an epidemic.   ","2018-07-21 15:44:02","TRUE","370","0","0","Education","Madhya Pradesh","India",TRUE
"995","RT @TheQuint: While MP CM Shivraj Singh Chouhan has promised 1 lakh jobs, Aastha (name changed) who is waiting for joining since 2015 is fa","2018-07-21 15:41:18","TRUE","5","0","0","Education","Madhya Pradesh","India",TRUE
"996","RT @INCIndia: PM Modi's habit of making tall promises to citizens is spreading across the BJP like an epidemic.   ","2018-07-21 15:34:53","TRUE","370","0","0","Education","Madhya Pradesh","India",TRUE
"997","RT @TheQuint: While MP CM Shivraj Singh Chouhan has promised 1 lakh jobs, Aastha (name changed) who is waiting for joining since 2015 is fa","2018-07-21 15:31:33","TRUE","5","0","0","Education","Madhya Pradesh","India",TRUE
"998","While MP CM Shivraj Singh Chouhan has promised 1 lakh jobs, Aastha (name changed) who is waiting for joining since  ","2018-07-21 15:30:00","FALSE","5","8","1","Education","Madhya Pradesh","India",FALSE
"999","RT @INCIndia: PM Modi's habit of making tall promises to citizens is spreading across the BJP like an epidemic.   ","2018-07-21 15:29:44","TRUE","370","0","1","Education","Madhya Pradesh","India",TRUE
"1000","RT @INCIndia: PM Modi's habit of making tall promises to citizens is spreading across the BJP like an epidemic.   ","2018-07-21 15:28:14","TRUE","370","0","0","Education","Madhya Pradesh","India",TRUE
"1001","RT @INCIndia: PM Modi's habit of making tall promises to citizens is spreading across the BJP like an epidemic.   ","2018-07-21 15:28:09","TRUE","370","0","0","Education","Madhya Pradesh","India",TRUE
"1002","RT @INCIndia: PM Modi's habit of making tall promises to citizens is spreading across the BJP like an epidemic.   ","2018-07-21 15:28:06","TRUE","370","0","0","Education","Madhya Pradesh","India",TRUE
"1003","RT @INCIndia: PM Modi's habit of making tall promises to citizens is spreading across the BJP like an epidemic.   ","2018-07-21 15:18:18","TRUE","370","0","0","Education","Madhya Pradesh","India",TRUE
"1004","RT @INCIndia: PM Modi's habit of making tall promises to citizens is spreading across the BJP like an epidemic.   ","2018-07-21 15:14:57","TRUE","370","0","0","Education","Madhya Pradesh","India",TRUE
"1005","RT @INCIndia: PM Modi's habit of making tall promises to citizens is spreading across the BJP like an epidemic.   ","2018-07-21 15:13:55","TRUE","370","0","0","Education","Madhya Pradesh","India",TRUE
"1006","RT @INCIndia: PM Modi's habit of making tall promises to citizens is spreading across the BJP like an epidemic.   ","2018-07-21 15:11:31","TRUE","370","0","0","Education","Madhya Pradesh","India",TRUE
"1007","RT @INCIndia: PM Modi's habit of making tall promises to citizens is spreading across the BJP like an epidemic.   ","2018-07-21 15:10:26","TRUE","370","0","0","Education","Madhya Pradesh","India",TRUE
"1008","RT @Allavaru: Maybe not enough power after giving to Jio Institute  ","2018-07-21 15:10:16","TRUE","134","0","0","Education","Madhya Pradesh","India",TRUE
"1009","RT @INCIndia: PM Modi's habit of making tall promises to citizens is spreading across the BJP like an epidemic.   ","2018-07-21 15:07:09","TRUE","370","0","0","Education","Madhya Pradesh","India",TRUE
"1010","RT @INCIndia: PM Modi's habit of making tall promises to citizens is spreading across the BJP like an epidemic.   ","2018-07-21 15:01:59","TRUE","370","0","0","Education","Madhya Pradesh","India",TRUE
"1011","RT @INCIndia: PM Modi's habit of making tall promises to citizens is spreading across the BJP like an epidemic.   ","2018-07-21 14:56:28","TRUE","370","0","0","Education","Madhya Pradesh","India",TRUE
"1012","RT @INCIndia: PM Modi's habit of making tall promises to citizens is spreading across the BJP like an epidemic.   ","2018-07-21 14:54:52","TRUE","370","0","0","Education","Madhya Pradesh","India",TRUE
"1013","RT @INCIndia: PM Modi's habit of making tall promises to citizens is spreading across the BJP like an epidemic.   ","2018-07-21 14:52:07","TRUE","370","0","0","Education","Madhya Pradesh","India",TRUE
"1014","RT @INCIndia: PM Modi's habit of making tall promises to citizens is spreading across the BJP like an epidemic.   ","2018-07-21 14:51:52","TRUE","370","0","0","Education","Madhya Pradesh","India",TRUE
"1015","RT @INCIndia: PM Modi's habit of making tall promises to citizens is spreading across the BJP like an epidemic.   ","2018-07-21 14:50:54","TRUE","370","0","0","Education","Madhya Pradesh","India",TRUE
"1016","RT @INCIndia: PM Modi's habit of making tall promises to citizens is spreading across the BJP like an epidemic.   ","2018-07-21 14:50:01","TRUE","370","0","0","Education","Madhya Pradesh","India",TRUE
"1017","RT @INCIndia: PM Modi's habit of making tall promises to citizens is spreading across the BJP like an epidemic.   ","2018-07-21 14:49:17","TRUE","370","0","0","Education","Madhya Pradesh","India",TRUE
"1018","RT @INCIndia: PM Modi's habit of making tall promises to citizens is spreading across the BJP like an epidemic.   ","2018-07-21 14:47:22","TRUE","370","0","0","Education","Madhya Pradesh","India",TRUE
"1019","RT @INCIndia: PM Modi's habit of making tall promises to citizens is spreading across the BJP like an epidemic.   ","2018-07-21 14:43:01","TRUE","370","0","0","Education","Madhya Pradesh","India",TRUE
"1020","RT @INCIndia: PM Modi's habit of making tall promises to citizens is spreading across the BJP like an epidemic.   ","2018-07-21 14:41:05","TRUE","370","0","0","Education","Madhya Pradesh","India",TRUE
"1021","RT @INCIndia: PM Modi's habit of making tall promises to citizens is spreading across the BJP like an epidemic.   ","2018-07-21 14:34:43","TRUE","370","0","0","Education","Madhya Pradesh","India",TRUE
"1022","RT @INCIndia: PM Modi's habit of making tall promises to citizens is spreading across the BJP like an epidemic.   ","2018-07-21 14:33:39","TRUE","370","0","1","Education","Madhya Pradesh","India",TRUE
"1023","RT @INCIndia: PM Modi's habit of making tall promises to citizens is spreading across the BJP like an epidemic.   ","2018-07-21 14:30:45","TRUE","370","0","0","Education","Madhya Pradesh","India",TRUE
"1024","RT @INCIndia: PM Modi's habit of making tall promises to citizens is spreading across the BJP like an epidemic.   ","2018-07-21 14:30:10","TRUE","370","0","0","Education","Madhya Pradesh","India",TRUE
"1025","RT @INCIndia: PM Modi's habit of making tall promises to citizens is spreading across the BJP like an epidemic.   ","2018-07-21 14:29:15","TRUE","370","0","0","Education","Madhya Pradesh","India",TRUE
"1026","RT @INCIndia: PM Modi's habit of making tall promises to citizens is spreading across the BJP like an epidemic.   ","2018-07-21 14:26:37","TRUE","370","0","0","Education","Madhya Pradesh","India",TRUE
"1027","RT @INCIndia: PM Modi's habit of making tall promises to citizens is spreading across the BJP like an epidemic.   ","2018-07-21 14:26:09","TRUE","370","0","1","Education","Madhya Pradesh","India",TRUE
"1028","RT @INCIndia: PM Modi's habit of making tall promises to citizens is spreading across the BJP like an epidemic.   ","2018-07-21 14:25:36","TRUE","370","0","1","Education","Madhya Pradesh","India",TRUE
"1029","RT @INCIndia: PM Modi's habit of making tall promises to citizens is spreading across the BJP like an epidemic.   ","2018-07-21 14:25:21","TRUE","370","0","0","Education","Madhya Pradesh","India",TRUE
"1030","Retweeted Congress (@INCIndia):

PM Modi's habit of making tall promises to citizens is spreading across the BJP li  ","2018-07-21 14:24:30","FALSE","0","0","0","Education","Madhya Pradesh","India",FALSE
"1031","RT @INCIndia: PM Modi's habit of making tall promises to citizens is spreading across the BJP like an epidemic.   ","2018-07-21 14:24:24","TRUE","370","0","0","Education","Madhya Pradesh","India",TRUE
"1032","RT @INCIndia: PM Modi's habit of making tall promises to citizens is spreading across the BJP like an epidemic.   ","2018-07-21 14:22:53","TRUE","370","0","0","Education","Madhya Pradesh","India",TRUE
"1033","RT @INCIndia: PM Modi's habit of making tall promises to citizens is spreading across the BJP like an epidemic.   ","2018-07-21 14:21:56","TRUE","370","0","0","Education","Madhya Pradesh","India",TRUE
"1034","RT @INCIndia: PM Modi's habit of making tall promises to citizens is spreading across the BJP like an epidemic.   ","2018-07-21 14:18:54","TRUE","370","0","0","Education","Madhya Pradesh","India",TRUE
"1035","RT @INCIndia: PM Modi's habit of making tall promises to citizens is spreading across the BJP like an epidemic.   ","2018-07-21 14:16:00","TRUE","370","0","0","Education","Madhya Pradesh","India",TRUE
"1036","RT @INCIndia: PM Modi's habit of making tall promises to citizens is spreading across the BJP like an epidemic.   ","2018-07-21 14:13:07","TRUE","370","0","0","Education","Madhya Pradesh","India",TRUE
"1037","RT @INCIndia: PM Modi's habit of making tall promises to citizens is spreading across the BJP like an epidemic.   ","2018-07-21 14:07:44","TRUE","370","0","0","Education","Madhya Pradesh","India",TRUE
"1038","RT @INCIndia: PM Modi's habit of making tall promises to citizens is spreading across the BJP like an epidemic.   ","2018-07-21 14:07:43","TRUE","370","0","1","Education","Madhya Pradesh","India",TRUE
"1039","RT @INCIndia: PM Modi's habit of making tall promises to citizens is spreading across the BJP like an epidemic.   ","2018-07-21 14:07:33","TRUE","370","0","-2","Education","Madhya Pradesh","India",TRUE
"1040","RT @INCIndia: PM Modi's habit of making tall promises to citizens is spreading across the BJP like an epidemic.   ","2018-07-21 14:05:46","TRUE","370","0","0","Education","Madhya Pradesh","India",TRUE
"1041","RT @INCIndia: PM Modi's habit of making tall promises to citizens is spreading across the BJP like an epidemic.   ","2018-07-21 14:03:03","TRUE","370","0","-1","Education","Madhya Pradesh","India",TRUE
"1042","RT @INCIndia: PM Modi's habit of making tall promises to citizens is spreading across the BJP like an epidemic.   ","2018-07-21 13:59:42","TRUE","370","0","0","Education","Madhya Pradesh","India",TRUE
"1043","RT @INCIndia: PM Modi's habit of making tall promises to citizens is spreading across the BJP like an epidemic.   ","2018-07-21 13:58:19","TRUE","370","0","0","Education","Madhya Pradesh","India",TRUE
"1044","RT @TheQuint: Even as MP CM Shivraj Singh Chouhan promises about 1 lakh jobs, around 6,000 candidates who had cleared exam of Sarvekshan Sh","2018-07-21 13:56:03","TRUE","2","0","0","Education","Madhya Pradesh","India",FALSE
"1045","RT @INCIndia: PM Modi's habit of making tall promises to citizens is spreading across the BJP like an epidemic.   ","2018-07-21 13:55:21","TRUE","370","0","0","Education","Madhya Pradesh","India",TRUE
"1046","RT @INCIndia: PM Modi's habit of making tall promises to citizens is spreading across the BJP like an epidemic.   ","2018-07-21 13:54:35","TRUE","370","0","0","Education","Madhya Pradesh","India",TRUE
"1047","RT @INCIndia: PM Modi's habit of making tall promises to citizens is spreading across the BJP like an epidemic.   ","2018-07-21 13:52:41","TRUE","370","0","0","Education","Madhya Pradesh","India",TRUE
"1048","RT @INCIndia: PM Modi's habit of making tall promises to citizens is spreading across the BJP like an epidemic.   ","2018-07-21 13:49:24","TRUE","370","0","1","Education","Madhya Pradesh","India",TRUE
"1049","RT @INCIndia: PM Modi's habit of making tall promises to citizens is spreading across the BJP like an epidemic.   ","2018-07-21 13:48:05","TRUE","370","0","0","Education","Madhya Pradesh","India",TRUE
"1050","RT @INCIndia: PM Modi's habit of making tall promises to citizens is spreading across the BJP like an epidemic.   ","2018-07-21 13:48:04","TRUE","370","0","0","Education","Madhya Pradesh","India",TRUE
"1051","RT @INCIndia: PM Modi's habit of making tall promises to citizens is spreading across the BJP like an epidemic.   ","2018-07-21 13:47:15","TRUE","370","0","1","Education","Madhya Pradesh","India",TRUE
"1052","Retweeted Congress (@INCIndia):

PM Modi's habit of making tall promises to citizens is spreading across the BJP li  ","2018-07-21 13:47:14","FALSE","0","0","-1","Education","Madhya Pradesh","India",TRUE
"1053","RT @INCIndia: PM Modi's habit of making tall promises to citizens is spreading across the BJP like an epidemic.   ","2018-07-21 13:47:03","TRUE","370","0","0","Education","Madhya Pradesh","India",TRUE
"1054","RT @INCIndia: PM Modi's habit of making tall promises to citizens is spreading across the BJP like an epidemic.   ","2018-07-21 13:46:40","TRUE","370","0","0","Education","Madhya Pradesh","India",TRUE
"1055","RT @INCIndia: PM Modi's habit of making tall promises to citizens is spreading across the BJP like an epidemic.   ","2018-07-21 13:46:25","TRUE","370","0","0","Education","Madhya Pradesh","India",TRUE
"1056","RT @INCIndia: PM Modi's habit of making tall promises to citizens is spreading across the BJP like an epidemic.   ","2018-07-21 13:45:28","TRUE","370","0","0","Education","Madhya Pradesh","India",TRUE
"1057","RT @INCIndia: PM Modi's habit of making tall promises to citizens is spreading across the BJP like an epidemic.   ","2018-07-21 13:44:19","TRUE","370","0","0","Education","Madhya Pradesh","India",TRUE
"1058","RT @INCIndia: PM Modi's habit of making tall promises to citizens is spreading across the BJP like an epidemic.   ","2018-07-21 13:44:15","TRUE","370","0","0","Education","Madhya Pradesh","India",TRUE
"1059","RT @INCIndia: PM Modi's habit of making tall promises to citizens is spreading across the BJP like an epidemic.   ","2018-07-21 13:41:05","TRUE","370","0","0","Education","Madhya Pradesh","India",TRUE
"1060","RT @INCIndia: PM Modi's habit of making tall promises to citizens is spreading across the BJP like an epidemic.   ","2018-07-21 13:39:59","TRUE","370","0","0","Education","Madhya Pradesh","India",TRUE
"1061","RT @INCIndia: PM Modi's habit of making tall promises to citizens is spreading across the BJP like an epidemic.   ","2018-07-21 13:39:58","TRUE","370","0","1","Education","Madhya Pradesh","India",TRUE
"1062","RT @INCIndia: PM Modi's habit of making tall promises to citizens is spreading across the BJP like an epidemic.   ","2018-07-21 13:39:24","TRUE","370","0","-1","Education","Madhya Pradesh","India",TRUE
"1063","RT @INCIndia: PM Modi's habit of making tall promises to citizens is spreading across the BJP like an epidemic.   ","2018-07-21 13:39:16","TRUE","370","0","1","Education","Madhya Pradesh","India",TRUE
"1064","RT @INCIndia: PM Modi's habit of making tall promises to citizens is spreading across the BJP like an epidemic.   ","2018-07-21 13:38:50","TRUE","370","0","0","Education","Madhya Pradesh","India",TRUE
"1065","RT @INCIndia: PM Modi's habit of making tall promises to citizens is spreading across the BJP like an epidemic.   ","2018-07-21 13:37:44","TRUE","370","0","0","Education","Madhya Pradesh","India",TRUE
"1066","RT @INCIndia: PM Modi's habit of making tall promises to citizens is spreading across the BJP like an epidemic.   ","2018-07-21 13:37:37","TRUE","370","0","-1","Education","Madhya Pradesh","India",TRUE
"1067","RT @INCIndia: PM Modi's habit of making tall promises to citizens is spreading across the BJP like an epidemic.   ","2018-07-21 13:36:47","TRUE","370","0","0","Education","Madhya Pradesh","India",TRUE
"1068","Even as MP CM Shivraj Singh Chouhan promises about 1 lakh jobs, around 6,000 candidates who had cleared exam of Sar  ","2018-07-21 13:35:00","FALSE","2","5","4","Education","Madhya Pradesh","India",FALSE
"1069","RT @INCIndia: PM Modi's habit of making tall promises to citizens is spreading across the BJP like an epidemic.   ","2018-07-21 13:33:53","TRUE","370","0","0","Education","Madhya Pradesh","India",TRUE
"1070","RT @INCIndia: PM Modi's habit of making tall promises to citizens is spreading across the BJP like an epidemic.   ","2018-07-21 13:32:49","TRUE","370","0","0","Education","Madhya Pradesh","India",TRUE
"1071","RT @INCIndia: PM Modi's habit of making tall promises to citizens is spreading across the BJP like an epidemic.   ","2018-07-21 13:32:29","TRUE","370","0","0","Education","Madhya Pradesh","India",TRUE
"1072","RT @INCIndia: PM Modi's habit of making tall promises to citizens is spreading across the BJP like an epidemic.   ","2018-07-21 13:32:20","TRUE","370","0","-1","Education","Madhya Pradesh","India",TRUE
"1073","RT @INCIndia: PM Modi's habit of making tall promises to citizens is spreading across the BJP like an epidemic.   ","2018-07-21 13:32:09","TRUE","370","0","1","Education","Madhya Pradesh","India",TRUE
"1074","RT @INCIndia: PM Modi's habit of making tall promises to citizens is spreading across the BJP like an epidemic.   ","2018-07-21 13:31:00","TRUE","370","0","0","Education","Madhya Pradesh","India",TRUE
"1075","RT @INCIndia: PM Modi's habit of making tall promises to citizens is spreading across the BJP like an epidemic.   ","2018-07-21 13:30:33","TRUE","370","0","0","Education","Madhya Pradesh","India",TRUE
"1076","RT @INCIndia: PM Modi's habit of making tall promises to citizens is spreading across the BJP like an epidemic.   ","2018-07-21 13:29:17","TRUE","370","0","1","Education","Madhya Pradesh","India",TRUE
"1077","RT @INCIndia: PM Modi's habit of making tall promises to citizens is spreading across the BJP like an epidemic.   ","2018-07-21 13:29:03","TRUE","370","0","0","Education","Madhya Pradesh","India",TRUE
"1078","RT @INCIndia: PM Modi's habit of making tall promises to citizens is spreading across the BJP like an epidemic.   ","2018-07-21 13:28:53","TRUE","370","0","0","Education","Madhya Pradesh","India",TRUE
"1079","RT @INCIndia: PM Modi's habit of making tall promises to citizens is spreading across the BJP like an epidemic.   ","2018-07-21 13:28:52","TRUE","370","0","0","Education","Madhya Pradesh","India",TRUE
"1080","RT @INCIndia: PM Modi's habit of making tall promises to citizens is spreading across the BJP like an epidemic.   ","2018-07-21 13:28:40","TRUE","370","0","0","Education","Madhya Pradesh","India",TRUE
"1081","RT @INCIndia: PM Modi's habit of making tall promises to citizens is spreading across the BJP like an epidemic.   ","2018-07-21 13:27:29","TRUE","370","0","0","Education","Madhya Pradesh","India",TRUE
"1082","RT @INCIndia: PM Modi's habit of making tall promises to citizens is spreading across the BJP like an epidemic.   ","2018-07-21 13:27:04","TRUE","370","0","0","Education","Madhya Pradesh","India",TRUE
"1083","RT @INCIndia: PM Modi's habit of making tall promises to citizens is spreading across the BJP like an epidemic.   ","2018-07-21 13:27:03","TRUE","370","0","1","Education","Madhya Pradesh","India",TRUE
"1084","RT @INCIndia: PM Modi's habit of making tall promises to citizens is spreading across the BJP like an epidemic.   ","2018-07-21 13:26:38","TRUE","370","0","0","Education","Madhya Pradesh","India",TRUE
"1085","RT @INCIndia: PM Modi's habit of making tall promises to citizens is spreading across the BJP like an epidemic.   ","2018-07-21 13:26:32","TRUE","370","0","1","Education","Madhya Pradesh","India",TRUE
"1086","RT @INCIndia: PM Modi's habit of making tall promises to citizens is spreading across the BJP like an epidemic.   ","2018-07-21 13:26:26","TRUE","370","0","0","Education","Madhya Pradesh","India",TRUE
"1087","RT @INCIndia: PM Modi's habit of making tall promises to citizens is spreading across the BJP like an epidemic.   ","2018-07-21 13:26:12","TRUE","370","0","0","Education","Madhya Pradesh","India",TRUE
"1088","RT @INCIndia: PM Modi's habit of making tall promises to citizens is spreading across the BJP like an epidemic.   ","2018-07-21 13:25:58","TRUE","370","0","-2","Education","Madhya Pradesh","India",TRUE
"1089","RT @INCIndia: PM Modi's habit of making tall promises to citizens is spreading across the BJP like an epidemic.   ","2018-07-21 13:25:18","TRUE","370","0","0","Education","Madhya Pradesh","India",TRUE
"1090","RT @INCIndia: PM Modi's habit of making tall promises to citizens is spreading across the BJP like an epidemic.   ","2018-07-21 13:24:49","TRUE","370","0","0","Education","Madhya Pradesh","India",TRUE
"1091","RT @INCIndia: PM Modi's habit of making tall promises to citizens is spreading across the BJP like an epidemic.   ","2018-07-21 13:24:29","TRUE","370","0","0","Education","Madhya Pradesh","India",TRUE
"1092","RT @INCIndia: PM Modi's habit of making tall promises to citizens is spreading across the BJP like an epidemic.   ","2018-07-21 13:24:03","TRUE","370","0","0","Education","Madhya Pradesh","India",TRUE
"1093","RT @INCIndia: PM Modi's habit of making tall promises to citizens is spreading across the BJP like an epidemic.   ","2018-07-21 13:23:35","TRUE","370","0","0","Education","Madhya Pradesh","India",TRUE
"1094","RT @INCIndia: PM Modi's habit of making tall promises to citizens is spreading across the BJP like an epidemic.   ","2018-07-21 13:23:01","TRUE","370","0","0","Education","Madhya Pradesh","India",TRUE
"1095","RT @INCIndia: PM Modi's habit of making tall promises to citizens is spreading across the BJP like an epidemic.   ","2018-07-21 13:22:50","TRUE","370","0","1","Education","Madhya Pradesh","India",TRUE
"1096","RT @INCIndia: PM Modi's habit of making tall promises to citizens is spreading across the BJP like an epidemic.   ","2018-07-21 13:22:34","TRUE","370","0","0","Education","Madhya Pradesh","India",TRUE
"1097","RT @INCIndia: PM Modi's habit of making tall promises to citizens is spreading across the BJP like an epidemic.   ","2018-07-21 13:21:08","TRUE","370","0","0","Education","Madhya Pradesh","India",TRUE
"1098","RT @INCIndia: PM Modi's habit of making tall promises to citizens is spreading across the BJP like an epidemic.   ","2018-07-21 13:20:59","TRUE","370","0","0","Education","Madhya Pradesh","India",TRUE
"1099","RT @INCIndia: PM Modi's habit of making tall promises to citizens is spreading across the BJP like an epidemic.   ","2018-07-21 13:20:57","TRUE","370","0","0","Education","Madhya Pradesh","India",TRUE
"1100","RT @INCIndia: PM Modi's habit of making tall promises to citizens is spreading across the BJP like an epidemic.   ","2018-07-21 13:20:04","TRUE","370","0","1","Education","Madhya Pradesh","India",TRUE
"1101","PM Modi's habit of making tall promises to citizens is spreading across the BJP like an epidemic.   ","2018-07-21 13:19:46","FALSE","0","1","0","Education","Madhya Pradesh","India",TRUE
"1102","RT @INCIndia: PM Modi's habit of making tall promises to citizens is spreading across the BJP like an epidemic.   ","2018-07-21 13:19:39","TRUE","370","0","1","Education","Madhya Pradesh","India",TRUE
"1103","RT @INCIndia: PM Modi's habit of making tall promises to citizens is spreading across the BJP like an epidemic.   ","2018-07-21 13:18:47","TRUE","370","0","1","Education","Madhya Pradesh","India",TRUE
"1104","RT @INCIndia: PM Modi's habit of making tall promises to citizens is spreading across the BJP like an epidemic.   ","2018-07-21 13:18:17","TRUE","370","0","1","Education","Madhya Pradesh","India",TRUE
"1105","RT @INCIndia: PM Modi's habit of making tall promises to citizens is spreading across the BJP like an epidemic.   ","2018-07-21 13:17:53","TRUE","370","0","1","Education","Madhya Pradesh","India",TRUE
"1106","RT @INCIndia: PM Modi's habit of making tall promises to citizens is spreading across the BJP like an epidemic.   ","2018-07-21 13:17:51","TRUE","370","0","-1","Education","Madhya Pradesh","India",TRUE
"1107","RT @INCIndia: PM Modi's habit of making tall promises to citizens is spreading across the BJP like an epidemic.   ","2018-07-21 13:17:42","TRUE","370","0","0","Education","Madhya Pradesh","India",TRUE
"1108","RT @INCIndia: PM Modi's habit of making tall promises to citizens is spreading across the BJP like an epidemic.   ","2018-07-21 13:17:41","TRUE","370","0","1","Education","Madhya Pradesh","India",TRUE
"1109","RT @INCIndia: PM Modi's habit of making tall promises to citizens is spreading across the BJP like an epidemic.   ","2018-07-21 13:17:36","TRUE","370","0","0","Education","Madhya Pradesh","India",TRUE
"1110","PM Modi's habit of making tall promises to citizens is spreading across the BJP like an epidemic.   ","2018-07-21 13:17:17","FALSE","0","0","0","Education","Madhya Pradesh","India",TRUE
"1111","RT @INCIndia: PM Modi's habit of making tall promises to citizens is spreading across the BJP like an epidemic.   ","2018-07-21 13:17:14","TRUE","370","0","0","Education","Madhya Pradesh","India",TRUE
"1112","RT @INCIndia: PM Modi's habit of making tall promises to citizens is spreading across the BJP like an epidemic.   ","2018-07-21 13:17:09","TRUE","370","0","-1","Education","Madhya Pradesh","India",TRUE
"1113","RT @INCIndia: PM Modi's habit of making tall promises to citizens is spreading across the BJP like an epidemic.   ","2018-07-21 13:16:48","TRUE","370","0","0","Education","Madhya Pradesh","India",TRUE
"1114","RT @INCIndia: PM Modi's habit of making tall promises to citizens is spreading across the BJP like an epidemic.   ","2018-07-21 13:16:41","TRUE","370","0","-1","Education","Madhya Pradesh","India",TRUE
"1115","RT @INCIndia: PM Modi's habit of making tall promises to citizens is spreading across the BJP like an epidemic.   ","2018-07-21 13:16:25","TRUE","370","0","-1","Education","Madhya Pradesh","India",TRUE
"1116","RT @INCIndia: PM Modi's habit of making tall promises to citizens is spreading across the BJP like an epidemic.   ","2018-07-21 13:16:13","TRUE","370","0","0","Education","Madhya Pradesh","India",TRUE
"1117","RT @INCIndia: PM Modi's habit of making tall promises to citizens is spreading across the BJP like an epidemic.   ","2018-07-21 13:16:06","TRUE","370","0","0","Education","Madhya Pradesh","India",TRUE
"1118","RT @INCIndia: PM Modi's habit of making tall promises to citizens is spreading across the BJP like an epidemic.   ","2018-07-21 13:15:49","TRUE","370","0","0","Education","Madhya Pradesh","India",TRUE
"1119","RT @INCIndia: PM Modi's habit of making tall promises to citizens is spreading across the BJP like an epidemic.   ","2018-07-21 13:15:49","TRUE","370","0","0","Education","Madhya Pradesh","India",TRUE
"1120","RT @INCIndia: PM Modi's habit of making tall promises to citizens is spreading across the BJP like an epidemic.   ","2018-07-21 13:15:45","TRUE","370","0","1","Education","Madhya Pradesh","India",TRUE
"1121","RT @INCIndia: PM Modi's habit of making tall promises to citizens is spreading across the BJP like an epidemic.   ","2018-07-21 13:15:36","TRUE","370","0","1","Education","Madhya Pradesh","India",TRUE
"1122","RT @INCIndia: PM Modi's habit of making tall promises to citizens is spreading across the BJP like an epidemic.   ","2018-07-21 13:15:29","TRUE","370","0","0","Education","Madhya Pradesh","India",TRUE
"1123","PM Modi's habit of making tall promises to citizens is spreading across the BJP like an epidemic.   ","2018-07-21 13:15:26","FALSE","0","0","0","Education","Madhya Pradesh","India",TRUE
"1124","RT @INCIndia: PM Modi's habit of making tall promises to citizens is spreading across the BJP like an epidemic.   ","2018-07-21 13:15:17","TRUE","370","0","-1","Education","Madhya Pradesh","India",TRUE
"1125","RT @INCIndia: PM Modi's habit of making tall promises to citizens is spreading across the BJP like an epidemic.   ","2018-07-21 13:15:13","TRUE","370","0","0","Education","Madhya Pradesh","India",TRUE
"1126","PM Modi's habit of making tall promises to citizens is spreading across the BJP like an epidemic.   ","2018-07-21 13:15:08","FALSE","370","835","0","Education","Madhya Pradesh","India",TRUE
"1127","RT @AmitCTweets: During 2010-16, as many as 10.25 lakh children dropped out of school after Class V, while 4.09 lakh children left school a","2018-07-21 11:18:56","TRUE","6","0","2","Education","Madhya Pradesh","India",TRUE
"1128","RT @apurva_kr: Demographic dividend is now becoming demographic disaster. Promise of 1 Lakh Jobs: Why Shivrajs Plan Isnt Convincing  ","2018-07-21 10:53:40","TRUE","1","0","0","Education","Madhya Pradesh","India",FALSE
"1129","RT @TheQuint: 2,208 candidates had cleared the exam of lekhapal in Madhya Pradesh in 2015, some of them are waiting for jobs since last thr","2018-07-21 10:46:20","TRUE","1","0","0","Education","Madhya Pradesh","India",FALSE
"1130","2,208 candidates had cleared the exam of lekhapal in Madhya Pradesh in 2015, some of them are waiting for jobs sinc  ","2018-07-21 10:33:00","FALSE","1","3","0","Education","Madhya Pradesh","India",FALSE
"1131","Demographic dividend is now becoming demographic disaster. Promise of 1 Lakh Jobs: Why Shivrajs Plan Isnt Convinc  ","2018-07-21 10:04:43","FALSE","1","2","0","Education","Madhya Pradesh","India",FALSE
"1132","RT @CMMadhyaPradesh: Students of Madhya Pradesh also have the talent to become doctors and engineers and make it big in life. We will provi","2018-07-21 09:41:11","TRUE","189","0","1","Education","Madhya Pradesh","India",TRUE
"1133","RT @AmitCTweets: During 2010-16, as many as 10.25 lakh children dropped out of school after Class V, while 4.09 lakh children left school a","2018-07-21 08:15:37","TRUE","6","0","0","Education","Madhya Pradesh","India",TRUE
"1134","RT @AmitCTweets: During 2010-16, as many as 10.25 lakh children dropped out of school after Class V, while 4.09 lakh children left school a","2018-07-21 08:12:38","TRUE","6","0","0","Education","Madhya Pradesh","India",TRUE
"1135","RT @CMMadhyaPradesh: Students of Madhya Pradesh also have the talent to become doctors and engineers and make it big in life. We will provi","2018-07-21 08:10:52","TRUE","189","0","1","Education","Madhya Pradesh","India",TRUE
"1136","RT @AmitCTweets: During 2010-16, as many as 10.25 lakh children dropped out of school after Class V, while 4.09 lakh children left school a","2018-07-21 07:53:50","TRUE","6","0","0","Education","Madhya Pradesh","India",TRUE
"1137","RT @TheQuint: Promise of one lakh jobs by Madhya Pradesh CM isn't enough for those who are waiting for formal joining in respective departm","2018-07-21 07:52:00","TRUE","5","0","2","Education","Madhya Pradesh","India",TRUE
"1138","RT @TheQuint: Promise of one lakh jobs by Madhya Pradesh CM isn't enough for those who are waiting for formal joining in respective departm","2018-07-21 07:41:18","TRUE","5","0","0","Education","Madhya Pradesh","India",TRUE
"1139","           ","2018-07-21 07:38:09","FALSE","0","0","0","Education","Madhya Pradesh","India",FALSE
"1140","           ","2018-07-21 07:37:59","FALSE","0","0","0","Education","Madhya Pradesh","India",TRUE
"1141","           ","2018-07-21 07:37:49","FALSE","0","1","0","Education","Madhya Pradesh","India",TRUE
"1142","RT @TheQuint: Promise of one lakh jobs by Madhya Pradesh CM isn't enough for those who are waiting for formal joining in respective departm","2018-07-21 07:35:01","TRUE","5","0","0","Education","Madhya Pradesh","India",TRUE
"1143","Promise of one lakh jobs by Madhya Pradesh CM isn't enough for those who are waiting for formal joining in respecti  ","2018-07-21 07:31:00","FALSE","5","11","0","Education","Madhya Pradesh","India",FALSE
"1144","@ChouhanShivraj @BJP4MP @MPRakeshSingh @drnarottammisra @VishvasSarang @bhupendrasingho @jayant_malaiya @JM_Scindia  ","2018-07-21 06:43:14","FALSE","3","5","0","Education","Madhya Pradesh","India",FALSE
"1145","RT @AmitCTweets: During 2010-16, as many as 10.25 lakh children dropped out of school after Class V, while 4.09 lakh children left school a","2018-07-21 06:32:07","TRUE","6","0","0","Education","Madhya Pradesh","India",TRUE
"1146","Promise of 1 Lakh Jobs: Why Shivrajs Plan Isnt Convincing  ","2018-07-21 04:31:31","FALSE","0","0","0","Education","Madhya Pradesh","India",TRUE
"1147","RT @TheQuint: While MP government is busy organising rozgar panchayats, those who have qualified state-level exams three years ago are stil","2018-07-21 04:15:23","TRUE","5","0","0","Education","Madhya Pradesh","India",FALSE
"1148","While MP government is busy organising rozgar panchayats, those who have qualified state-level exams three years ag  ","2018-07-21 04:10:45","FALSE","5","12","0","Education","Madhya Pradesh","India",FALSE
"1149","RT @CMMadhyaPradesh: Students of Madhya Pradesh also have the talent to become doctors and engineers and make it big in life. We will provi","2018-07-21 02:15:19","TRUE","189","0","0","Education","Madhya Pradesh","India",TRUE
"1150","AMU Professor Awarded 'Iqbal Samman' By Madhya Pradesh Government  ","2018-07-20 16:44:54","FALSE","0","4","0","Education","Madhya Pradesh","India",FALSE
"1151","During 2010-16, as many as 10.25 lakh children dropped out of school after Class V, while 4.09 lakh children left s  ","2018-07-20 13:25:34","FALSE","6","4","1","Education","Madhya Pradesh","India",FALSE
"1152","There was a decline in Net Enrollment Ratio at the Class I to Class V level from 93.66% in 2013-14 to 78.93% in 201  ","2018-07-20 13:22:13","FALSE","0","0","1","Education","Madhya Pradesh","India",FALSE
"1153","Coordinator - Content Development &amp; Teacher Training: New Education Group - Foundation for Innovation and Research  ","2018-07-20 12:10:04","FALSE","0","2","0","Education","Madhya Pradesh","India",FALSE
"1154","RT @Allavaru: Maybe not enough power after giving to Jio Institute  ","2018-07-20 05:12:36","TRUE","134","0","0","Education","Madhya Pradesh","India",TRUE
"1155","RT @CMMadhyaPradesh: Students of Madhya Pradesh also have the talent to become doctors and engineers and make it big in life. We will provi","2018-07-20 04:43:32","TRUE","189","0","1","Education","Madhya Pradesh","India",TRUE
"1156","RT @GhanshyamShukl_: Children in Madhya Pradesh have well-built schools and access to quality education today. This has been possible becau","2018-07-19 16:36:42","TRUE","3","0","0","Education","Madhya Pradesh","India",FALSE
"1157","The shortage of basic facilities can have such hazardous effects on education. We need to leverage the available re  ","2018-07-19 10:36:34","FALSE","0","1","1","Education","Madhya Pradesh","India",FALSE
